Data/Map_files/20140807_GardenCity_VLIZ (2).asc
ncols 288
nrows 416
xllcenter 451614.5000000000
yllcenter 5703817.5000000000
cellsize 1.0000000000
nodata_value -99999.000000
[rows 224 to 251 of 416, columns 63 to 125 of 288]
-99999.00 -99999.00 -99999.00 -99999.00 -99999.00 -99999.00 -99999.00 -99999.00 -99999.00 -99999.00 -99999.00 -99999.00 -99999.00 -99999.00 -99999.00 -99999.00 -99999.00 -30.39 -30.35 -30.43 -30.43 -30.44 -30.42 -30.41 -30.44 -30.45 -30.41 -30.39 -30.39 -30.43 -30.38 -30.30 -30.25 -30.13 -30.11 -30.02 -30.04 -29.97 -29.95 -29.93 -29.90 -29.88 -29.93 -29.99 -30.05 -30.18 -30.52 -30.96 -31.41 -32.40 -32.28 -99999.00 -33.37 -33.57 -99999.00 -26.35 -26.40 -27.08 -27.50 -28.12 -28.52 -29.14 -29.65
-99999.00 -99999.00 -99999.00 -99999.00 -99999.00 -99999.00 -99999.00 -99999.00 -99999.00 -99999.00 -99999.00 -99999.00 -99999.00 -99999.00 -99999.00 -99999.00 -99999.00 -30.25 -30.31 -30.37 -30.39 -30.32 -30.29 -30.39 -30.43 -30.46 -30.43 -30.40 -30.39 -30.42 -30.37 -30.34 -30.28 -30.18 -30.11 -30.08 -30.03 -29.99 -29.95 -29.92 -29.93 -29.93 -29.98 -30.02 -30.09 -30.21 -30.55 -30.98 -31.35 -32.09 -32.32 -33.08 -33.42 -33.62 -28.91 -27.09 -27.65 -28.37 -28.79 -29.23 -29.73 -30.19 -30.56
-99999.00 -99999.00 -99999.00 -99999.00 -99999.00 -99999.00 -99999.00 -99999.00 -99999.00 -99999.00 -99999.00 -99999.00 -99999.00 -99999.00 -99999.00 -99999.00 -99999.00 -30.21 -30.18 -30.23 -30.22 -30.26 -30.29 -30.31 -30.32 -30.26 -30.30 -30.26 -30.28 -30.24 -30.26 -30.21 -30.21 -30.18 -30.11 -29.99 -29.99 -29.93 -29.93 -29.94 -29.93 -29.98 -30.04 -30.07 -30.14 -30.21 -30.49 -30.89 -31.22 -31.85 -32.42 -32.93 -33.31 -33.57 -33.75 -33.81 -33.81 -30.04 -30.03 -30.38 -30.68 -31.05 -31.28
-99999.00 -99999.00 -99999.00 -99999.00 -99999.00 -99999.00 -99999.00 -99999.00 -99999.00 -99999.00 -99999.00 -99999.00 -99999.00 -99999.00 -99999.00 -99999.00 -30.30 -30.11 -30.14 -30.10 -30.09 -30.21 -30.12 -30.15 -30.18 -30.14 -30.11 -30.10 -30.13 -30.15 -30.07 -30.05 -30.06 -30.03 -30.05 -30.01 -29.98 -29.91 -29.89 -29.87 -29.91 -29.92 -30.05 -30.09 -30.15 -30.21 -30.46 -30.90 -31.05 -31.58 -32.02 -32.56 -33.28 -33.46 -33.59 -33.70 -33.75 -33.77 -33.23 -32.52 -32.01 -31.74 -31.87
-99999.00 -99999.00 -99999.00 -99999.00 -99999.00 -99999.00 -99999.00 -99999.00 -99999.00 -99999.00 -99999.00 -99999.00 -99999.00 -99999.00 -99999.00 -99999.00 -99999.00 -29.92 -29.95 -29.91 -29.93 -29.87 -30.00 -29.94 -29.91 -29.90 -29.71 -29.74 -29.92 -29.88 -29.79 -99999.00 -29.83 -29.81 -29.82 -29.80 -29.79 -29.76 -29.71 -29.68 -29.65 -29.75 -29.89 -30.00 -30.08 -30.18 -30.36 -30.70 -31.32 -31.33 -31.74 -32.32 -32.83 -33.29 -33.30 -33.53 -33.61 -33.72 -33.81 -33.80 -33.74 -33.83 -33.19
-99999.00 -99999.00 -99999.00 -99999.00 -99999.00 -99999.00 -99999.00 -99999.00 -99999.00 -99999.00 -99999.00 -99999.00 -99999.00 -99999.00 -99999.00 -99999.00 -30.21 -30.23 -30.23 -30.16 -30.10 -30.10 -30.06 -29.94 -29.94 -29.95 -29.92 -29.92 -29.97 -29.90 -29.84 -29.79 -29.77 -29.67 -29.71 -29.74 -29.79 -29.77 -29.79 -29.75 -29.71 -29.67 -29.66 -29.75 -29.90 -30.01 -30.22 -30.49 -31.03 -30.55 -31.34 -31.76 -32.11 -32.57 -33.30 -33.36 -33.47 -33.63 -33.73 -33.76 -33.62 -33.89 -33.93
-99999.00 -99999.00 -99999.00 -99999.00 -99999.00 -99999.00 -99999.00 -99999.00 -99999.00 -99999.00 -99999.00 -99999.00 -99999.00 -99999.00 -99999.00 -30.50 -30.41 -30.49 -30.47 -30.45 -30.39 -30.36 -30.24 -30.21 -30.22 -30.18 -30.17 -30.11 -30.10 -30.00 -30.00 -29.91 -29.85 -29.87 -29.90 -29.91 -29.90 -29.88 -29.87 -29.84 -29.82 -29.78 -29.73 -29.66 -29.66 -29.74 -29.95 -30.21 -30.69 -30.43 -30.96 -31.32 -31.72 -32.09 -32.59 -32.87 -33.24 -33.48 -33.58 -33.70 -33.71 -33.80 -33.86
-99999.00 -99999.00 -99999.00 -99999.00 -99999.00 -99999.00 -99999.00 -99999.00 -99999.00 -99999.00 -99999.00 -99999.00 -99999.00 -99999.00 -99999.00 -30.48 -30.52 -30.50 -30.52 -30.49 -30.52 -30.45 -30.39 -30.33 -30.31 -30.24 -30.22 -30.17 -30.11 -30.04 -30.00 -29.96 -29.93 -29.94 -29.96 -29.97 -29.94 -29.91 -29.84 -29.84 -29.82 -29.81 -29.79 -29.75 -29.71 -29.71 -29.74 -29.83 -29.90 -30.02 -30.46 -30.90 -31.41 -31.61 -32.19 -32.23 -32.67 -32.74 -33.36 -33.44 -33.37 -33.67 -33.62
-99999.00 -99999.00 -99999.00 -99999.00 -99999.00 -99999.00 -99999.00 -99999.00 -99999.00 -99999.00 -99999.00 -99999.00 -99999.00 -99999.00 -99999.00 -30.41 -30.44 -30.48 -30.45 -30.44 -30.43 -30.41 -30.33 -30.30 -30.29 -30.23 -30.16 -30.13 -30.05 -29.99 -29.93 -29.90 -29.93 -29.94 -29.94 -29.96 -29.96 -29.94 -29.91 -29.89 -29.87 -29.84 -29.82 -29.77 -29.77 -29.78 -29.84 -29.84 -29.57 -29.77 -29.95 -30.34 -30.85 -31.15 -31.52 -31.79 -32.06 -32.32 -32.52 -32.76 -33.12 -33.04 -32.96
-99999.00 -99999.00 -99999.00 -99999.00 -99999.00 -99999.00 -99999.00 -99999.00 -99999.00 -99999.00 -99999.00 -99999.00 -99999.00 -99999.00 -30.29 -30.34 -30.32 -30.29 -30.40 -30.32 -30.39 -30.33 -30.22 -30.23 -30.18 -30.17 -30.06 -30.07 -29.97 -29.99 -29.77 -29.88 -29.91 -29.89 -29.93 -29.96 -29.96 -29.95 -29.97 -29.94 -29.92 -29.86 -29.82 -29.79 -29.79 -29.82 -29.87 -29.78 -29.66 -29.66 -29.81 -30.00 -30.37 -30.84 -31.14 -31.78 -31.64 -31.78 -31.99 -32.13 -32.20 -32.50 -32.47
-99999.00 -99999.00 -99999.00 -99999.00 -99999.00 -99999.00 -99999.00 -99999.00 -99999.00 -99999.00 -99999.00 -99999.00 -99999.00 -99999.00 -30.12 -30.18 -30.10 -30.08 -30.13 -30.11 -30.15 -30.20 -30.18 -30.24 -30.07 -29.99 -30.12 -30.02 -29.95 -29.89 -29.82 -29.83 -29.85 -29.88 -29.94 -29.94 -29.97 -29.99 -29.98 -29.96 -29.95 -29.92 -29.88 -29.83 -29.81 -29.84 -29.89 -29.78 -29.76 -29.72 -29.67 -29.84 -30.17 -30.45 -30.76 -31.08 -31.23 -31.46 -31.58 -31.68 -31.76 -31.85 -31.96
-99999.00 -99999.00 -99999.00 -99999.00 -99999.00 -99999.00 -99999.00 -99999.00 -99999.00 -99999.00 -99999.00 -99999.00 -99999.00 -30.32 -30.20 -30.15 -30.07 -30.04 -29.99 -29.81 -99999.00 -99999.00 -30.05 -99999.00 -99999.00 -99999.00 -29.86 -29.98 -29.89 -29.90 -29.88 -29.80 -29.77 -29.87 -29.87 -29.98 -29.98 -29.98 -29.96 -29.97 -29.95 -29.92 -29.89 -29.85 -29.82 -29.81 -29.86 -29.85 -29.81 -29.78 -29.80 -29.67 -29.89 -30.18 -30.48 -30.72 -30.85 -31.09 -31.27 -31.37 -31.47 -31.50 -31.62
-99999.00 -99999.00 -99999.00 -99999.00 -99999.00 -99999.00 -99999.00 -99999.00 -99999.00 -99999.00 -99999.00 -99999.00 -30.40 -30.41 -30.39 -30.39 -30.30 -30.28 -30.22 -30.04 -30.07 -30.06 -30.01 -29.92 -29.88 -29.79 -29.78 -29.82 -29.85 -29.78 -29.81 -29.74 -29.77 -29.74 -29.81 -29.93 -30.00 -29.99 -29.96 -29.96 -29.90 -29.88 -29.83 -29.75 -29.71 -29.63 -29.78 -29.81 -29.88 -29.87 -29.79 -29.76 -29.80 -30.00 -30.23 -30.46 -30.52 -30.79 -30.94 -30.98 -31.15 -31.22 -31.26
-99999.00 -99999.00 -99999.00 -99999.00 -99999.00 -99999.00 -99999.00 -99999.00 -99999.00 -99999.00 -99999.00 -99999.00 -30.36 -30.41 -30.46 -30.50 -30.52 -30.48 -30.41 -30.29 -30.29 -30.22 -30.15 -30.10 -30.05 -30.00 -29.92 -29.84 -29.84 -29.83 -29.84 -29.88 -29.81 -29.76 -29.73 -29.78 -29.91 -29.94 -29.91 -29.85 -29.82 -29.75 -29.70 -29.57 -29.57 -29.55 -29.65 -29.72 -29.89 -29.92 -29.91 -29.90 -29.82 -29.77 -29.98 -30.13 -30.31 -30.42 -30.55 -30.67 -30.80 -30.83 -30.91
-99999.00 -99999.00 -99999.00 -99999.00 -99999.00 -99999.00 -99999.00 -99999.00 -99999.00 -99999.00 -99999.00 -99999.00 -30.25 -30.30 -30.36 -30.43 -30.51 -30.47 -30.49 -30.41 -30.35 -30.32 -30.26 -30.25 -30.22 -30.18 -30.15 -30.11 -30.09 -30.06 -30.06 -30.02 -29.99 -29.94 -29.88 -29.80 -29.75 -29.71 -29.71 -29.68 -29.62 -29.63 -29.62 -29.60 -29.60 -29.62 -29.69 -29.74 -29.84 -30.02 -29.99 -29.97 -29.91 -29.83 -29.80 -29.92 -30.06 -30.25 -30.25 -30.28 -30.43 -30.56 -30.55
-99999.00 -99999.00 -99999.00 -99999.00 -99999.00 -99999.00 -99999.00 -99999.00 -99999.00 -99999.00 -99999.00 -30.14 -30.05 -30.15 -30.20 -30.26 -30.29 -30.36 -30.35 -30.34 -30.35 -30.36 -30.29 -30.31 -30.28 -30.26 -30.24 -30.24 -30.20 -30.19 -30.07 -30.07 -30.04 -29.94 -29.90 -29.86 -29.85 -29.78 -29.75 -29.73 -29.72 -29.74 -29.72 -29.72 -29.72 -29.75 -29.72 -29.72 -29.84 -30.04 -30.08 -30.07 -30.03 -29.98 -29.94 -29.89 -29.92 -30.10 -30.21 -30.30 -30.31 -30.28 -30.24
-99999.00 -99999.00 -99999.00 -99999.00 -99999.00 -99999.00 -99999.00 -99999.00 -99999.00 -99999.00 -99999.00 -29.94 -29.96 -30.01 -30.05 -30.14 -30.17 -30.21 -30.28 -30.27 -30.26 -30.29 -30.21 -30.27 -30.22 -30.22 -30.19 -30.19 -30.19 -30.13 -30.12 -30.10 -30.04 -29.98 -29.99 -29.93 -29.92 -29.90 -29.84 -29.82 -29.79 -29.78 -29.81 -29.80 -29.85 -29.79 -29.75 -29.76 -29.81 -30.01 -30.15 -30.17 -30.16 -30.13 -30.10 -30.04 -30.02 -30.15 -30.29 -30.39 -30.40 -30.35 -30.37
-99999.00 -99999.00 -99999.00 -99999.00 -99999.00 -99999.00 -99999.00 -99999.00 -99999.00 -99999.00 -99999.00 -29.88 -29.80 -29.96 -30.07 -29.98 -30.03 -30.05 -30.06 -30.12 -30.13 -30.13 -30.14 -30.19 -30.14 -30.16 -30.14 -30.14 -30.14 -30.14 -30.16 -30.12 -30.10 -30.08 -30.07 -30.03 -29.98 -29.94 -29.93 -29.87 -29.91 -29.90 -29.89 -29.90 -29.85 -29.84 -29.83 -29.81 -29.84 -29.94 -30.15 -30.20 -30.24 -30.22 -30.19 -30.15 -30.13 -30.17 -30.30 -30.43 -30.46 -30.50 -30.44
-99999.00 -99999.00 -99999.00 -99999.00 -99999.00 -99999.00 -99999.00 -99999.00 -99999.00 -99999.00 -29.94 -29.86 -29.77 -29.76 -29.81 -29.90 -29.95 -30.06 -30.01 -29.98 -30.00 -30.05 -30.01 -30.03 -30.07 -30.11 -30.02 -30.01 -30.04 -30.07 -30.15 -30.19 -30.15 -30.14 -30.08 -30.09 -30.02 -29.96 -29.92 -29.91 -29.92 -29.93 -29.94 -29.85 -29.86 -29.89 -29.90 -29.86 -29.84 -29.88 -30.12 -30.23 -30.27 -30.28 -30.27 -30.24 -30.22 -30.25 -30.24 -30.49 -30.52 -30.55 -30.62
-99999.00 -99999.00 -99999.00 -99999.00 -99999.00 -99999.00 -99999.00 -99999.00 -99999.00 -30.02 -30.01 -30.03 -29.89 -29.88 -29.78 -29.76 -29.93 -29.88 -29.96 -29.89 -29.93 -29.96 -29.87 -29.89 -29.91 -29.95 -29.90 -99999.00 -29.89 -30.04 -30.11 -30.09 -30.12 -30.11 -30.05 -30.00 -29.96 -29.93 -29.86 -29.83 -29.80 -29.91 -29.92 -29.81 -29.88 -29.91 -29.93 -29.90 -29.89 -29.90 -30.07 -30.24 -30.30 -30.33 -30.32 -30.31 -30.28 -30.25 -30.23 -30.43 -30.58 -30.65 -30.69
-99999.00 -99999.00 -99999.00 -99999.00 -99999.00 -99999.00 -99999.00 -99999.00 -99999.00 -29.92 -29.91 -29.92 -29.96 -29.93 -29.86 -29.70 -29.70 -29.71 -29.69 -29.66 -29.73 -29.79 -29.86 -29.74 -29.81 -29.84 -29.83 -29.82 -29.84 -29.82 -29.93 -29.97 -29.94 -29.87 -29.82 -29.83 -29.77 -29.66 -29.66 -29.65 -29.63 -29.70 -29.77 -29.73 -29.87 -29.94 -29.97 -29.95 -29.96 -29.91 -29.99 -30.19 -30.32 -30.37 -30.38 -30.38 -30.35 -30.33 -30.32 -30.34 -30.57 -30.72 -30.76
-99999.00 -99999.00 -99999.00 -99999.00 -99999.00 -99999.00 -99999.00 -99999.00 -99999.00 -29.78 -29.82 -29.78 -29.87 -29.90 -29.82 -29.74 -29.74 -29.80 -29.76 -29.76 -29.74 -29.75 -29.84 -29.82 -29.86 -29.92 -29.95 -29.89 -29.87 -29.82 -29.75 -29.71 -29.73 -29.70 -29.72 -29.70 -29.74 -29.74 -29.75 -29.75 -29.77 -29.74 -29.57 -29.60 -29.82 -29.98 -30.05 -30.01 -29.98 -30.00 -30.03 -30.14 -30.32 -30.38 -30.41 -30.42 -30.38 -30.42 -30.36 -30.37 -30.52 -30.71 -30.82
-99999.00 -99999.00 -99999.00 -99999.00 -99999.00 -99999.00 -99999.00 -99999.00 -99999.00 -29.72 -29.79 -29.69 -29.68 -29.72 -29.78 -29.87 -29.91 -29.93 -29.94 -29.93 -29.87 -29.87 -29.88 -29.91 -29.89 -29.90 -29.89 -29.87 -29.82 -29.82 -29.79 -29.81 -29.81 -29.79 -29.81 -29.82 -29.84 -29.86 -29.85 -29.90 -29.91 -29.88 -29.67 -29.66 -29.83 -30.05 -30.10 -30.12 -30.10 -30.04 -30.12 -30.04 -30.21 -30.39 -30.45 -30.47 -30.47 -30.46 -30.42 -30.36 -30.36 -30.66 -30.83
-99999.00 -99999.00 -99999.00 -99999.00 -99999.00 -99999.00 -99999.00 -99999.00 -29.96 -29.67 -29.73 -29.76 -29.80 -29.81 -29.82 -29.87 -29.93 -29.95 -29.95 -29.93 -29.85 -29.82 -29.82 -29.83 -29.79 -29.81 -29.83 -29.78 -29.76 -29.83 -29.87 -29.87 -29.90 -29.89 -29.89 -29.92 -29.92 -29.93 -29.97 -30.00 -30.00 -29.83 -29.81 -29.78 -29.89 -30.07 -30.15 -30.16 -30.15 -30.12 -30.14 -30.20 -30.10 -30.32 -30.43 -30.49 -30.51 -30.50 -30.47 -30.41 -30.39 -30.57 -30.80
-99999.00 -99999.00 -99999.00 -99999.00 -99999.00 -99999.00 -99999.00 -99999.00 -29.72 -29.68 -29.55 -29.69 -29.74 -29.74 -29.76 -29.79 -29.81 -29.83 -29.87 -29.78 -29.72 -29.71 -29.67 -29.60 -29.61 -29.63 -29.57 -29.61 -29.67 -29.85 -29.92 -29.93 -29.94 -29.92 -29.93 -29.98 -29.99 -30.01 -30.05 -30.09 -30.03 -29.94 -29.93 -29.88 -29.96 -30.15 -30.22 -30.24 -30.25 -30.22 -30.20 -30.16 -30.19 -30.22 -30.43 -30.53 -30.55 -30.53 -30.51 -30.48 -30.43 -30.46 -30.71
-99999.00 -99999.00 -99999.00 -99999.00 -99999.00 -99999.00 -99999.00 -99999.00 -29.72 -29.69 -29.64 -29.61 -29.65 -29.65 -29.65 -29.69 -29.64 -29.64 -29.67 -29.64 -29.55 -29.58 -29.59 -29.62 -29.62 -29.64 -29.62 -29.60 -29.60 -29.83 -29.91 -29.92 -29.91 -29.94 -29.93 -29.98 -29.98 -30.03 -30.08 -30.14 -30.11 -30.06 -30.01 -29.97 -30.02 -30.22 -30.31 -30.34 -30.33 -30.31 -30.29 -30.29 -30.25 -30.25 -30.35 -30.56 -30.62 -30.59 -30.58 -30.52 -30.49 -30.52 -30.65
-99999.00 -99999.00 -99999.00 -99999.00 -99999.00 -99999.00 -99999.00 -29.60 -29.63 -29.58 -29.59 -29.59 -29.59 -29.54 -29.47 -29.52 -29.54 -29.40 -29.48 -29.48 -29.52 -29.61 -29.69 -29.74 -29.77 -29.79 -29.73 -29.69 -29.64 -29.80 -29.90 -29.88 -29.90 -29.84 -29.91 -29.87 -29.91 -29.94 -30.07 -30.19 -30.17 -30.16 -30.11 -30.08 -30.08 -30.29 -30.39 -30.42 -30.44 -30.43 -30.39 -30.35 -30.37 -30.32 -30.26 -30.52 -30.64 -30.65 -30.64 -30.60 -30.59 -30.51 -30.57
-99999.00 -99999.00 -99999.00 -99999.00 -99999.00 -99999.00 -99999.00 -29.41 -29.46 -29.46 -29.44 -29.44 -29.46 -29.43 -29.36 -29.28 -29.28 -29.31 -29.33 -29.45 -29.59 -29.68 -29.77 -29.80 -29.78 -29.76 -29.70 -29.66 -29.65 -29.63 -29.69 -29.65 -29.67 -29.66 -29.65 -29.68 -29.70 -29.77 -29.90 -30.19 -30.22 -30.24 -30.20 -30.17 -30.15 -30.29 -30.45 -30.50 -30.53 -30.53 -30.51 -30.50 -30.47 -30.42 -30.41 -30.46 -30.65 -30.72 -30.71 -30.67 -30.64 -30.58 -30.63
