Data/Map_files/20140807_GardenCity_VLIZ (2).asc
ncols 288
nrows 416
xllcenter 451614.5000000000
yllcenter 5703817.5000000000
cellsize 1.0000000000
nodata_value -99999.000000
[rows 112 to 139 of 416, columns 189 to 251 of 288]
-28.04 -27.36 -26.58 -25.95 -25.58 -25.65 -24.33 -24.47 -25.11 -99999.00 -99999.00 -30.62 -31.24 -30.68 -31.09 -31.14 -30.74 -30.21 -29.81 -29.49 -28.67 -28.83 -28.81 -28.71 -28.76 -28.82 -28.87 -28.96 -29.03 -29.08 -29.16 -29.20 -29.21 -29.19 -29.22 -29.29 -29.30 -29.26 -29.17 -29.14 -29.13 -29.22 -29.35 -29.43 -29.52 -29.65 -29.70 -29.74 -29.78 -29.76 -29.66 -29.77 -29.73 -29.67 -29.68 -29.73 -99999.00 -99999.00 -99999.00 -99999.00 -99999.00 -99999.00 -99999.00
-28.05 -27.73 -26.90 -27.25 -26.88 -26.15 -25.98 -25.92 -26.05 -28.15 -31.59 -31.27 -31.61 -30.53 -31.05 -31.10 -30.66 -30.17 -29.74 -29.22 -28.62 -28.80 -28.91 -28.77 -28.80 -28.86 -28.91 -29.02 -29.10 -29.17 -29.29 -29.38 -29.37 -29.40 -29.46 -29.52 -29.49 -29.43 -29.40 -29.31 -29.23 -29.15 -29.21 -29.31 -29.41 -29.55 -29.60 -29.66 -29.68 -29.70 -29.72 -29.79 -29.80 -29.77 -29.77 -29.81 -99999.00 -99999.00 -99999.00 -99999.00 -99999.00 -99999.00 -99999.00
-27.91 -27.76 -27.32 -27.34 -26.54 -26.28 -26.88 -26.77 -27.01 -99999.00 -31.83 -31.73 -30.96 -30.89 -31.11 -31.07 -30.59 -30.13 -29.60 -29.11 -28.34 -27.69 -27.92 -28.82 -28.81 -28.87 -28.94 -29.01 -29.09 -29.18 -29.29 -29.35 -29.37 -29.46 -29.56 -29.62 -29.60 -29.57 -29.55 -29.44 -29.32 -29.23 -29.21 -29.28 -29.35 -29.41 -29.46 -29.58 -29.65 -29.69 -29.69 -29.78 -29.85 -29.94 -29.97 -30.04 -99999.00 -99999.00 -99999.00 -99999.00 -99999.00 -99999.00 -99999.00
-27.91 -27.61 -27.62 -26.79 -26.65 -26.60 -27.16 -26.86 -26.95 -99999.00 -31.07 -32.33 -31.10 -31.12 -31.22 -31.08 -30.64 -30.07 -29.62 -29.08 -28.27 -28.13 -28.67 -28.87 -28.82 -28.85 -28.93 -29.01 -29.09 -29.18 -29.24 -29.25 -29.29 -29.38 -29.47 -29.54 -29.58 -29.60 -29.62 -29.57 -29.48 -29.34 -29.28 -29.36 -29.38 -29.51 -29.72 -29.84 -29.72 -29.60 -29.59 -29.74 -29.82 -30.06 -30.14 -99999.00 -99999.00 -99999.00 -99999.00 -99999.00 -99999.00 -99999.00 -99999.00
-27.42 -27.58 -27.59 -27.33 -26.47 -26.44 -26.63 -26.83 -26.80 -29.34 -32.47 -32.06 -31.18 -31.29 -31.35 -30.99 -30.48 -30.04 -29.49 -29.07 -28.96 -27.88 -28.59 -28.81 -28.79 -28.84 -28.89 -28.96 -29.03 -29.09 -29.14 -29.15 -29.21 -29.27 -29.36 -29.45 -29.52 -29.56 -29.55 -29.54 -29.51 -29.46 -29.38 -29.42 -29.43 -29.57 -29.75 -29.84 -29.76 -29.62 -29.59 -29.69 -29.82 -29.90 -30.02 -99999.00 -99999.00 -99999.00 -99999.00 -99999.00 -99999.00 -99999.00 -99999.00
-26.74 -27.23 -27.03 -26.64 -26.36 -26.37 -26.60 -25.97 -26.54 -29.09 -30.70 -31.60 -31.65 -31.46 -31.19 -30.83 -30.39 -29.89 -29.49 -29.05 -28.08 -27.75 -28.71 -28.66 -28.72 -28.78 -28.86 -28.92 -28.99 -29.04 -29.11 -29.17 -29.21 -29.26 -29.31 -29.35 -29.43 -29.46 -29.46 -29.45 -29.43 -29.40 -29.39 -29.37 -29.38 -29.46 -29.58 -29.67 -29.68 -29.55 -29.56 -29.58 -29.65 -29.75 -99999.00 -99999.00 -99999.00 -99999.00 -99999.00 -99999.00 -99999.00 -99999.00 -99999.00
-27.01 -26.51 -26.42 -26.43 -26.37 -25.94 -25.33 -24.75 -24.85 -99999.00 -30.86 -31.60 -31.45 -31.31 -30.99 -30.50 -30.08 -29.58 -29.02 -28.25 -27.89 -28.47 -29.08 -28.79 -28.65 -28.66 -28.80 -28.89 -28.96 -29.05 -29.14 -29.19 -29.21 -29.23 -29.24 -29.31 -29.35 -29.36 -29.36 -29.32 -29.32 -29.32 -29.34 -29.33 -29.32 -29.39 -29.42 -29.49 -29.48 -29.41 -29.43 -29.47 -29.57 -99999.00 -99999.00 -99999.00 -99999.00 -99999.00 -99999.00 -99999.00 -99999.00 -99999.00 -99999.00
-26.77 -26.42 -26.28 -26.20 -26.03 -25.15 -24.44 -24.05 -99999.00 -99999.00 -31.82 -31.39 -31.35 -31.20 -30.77 -30.31 -29.85 -29.27 -28.79 -28.29 -27.44 -99999.00 -29.23 -29.04 -28.88 -28.70 -28.70 -28.82 -28.92 -29.01 -29.13 -29.16 -29.18 -29.18 -29.19 -29.21 -29.25 -29.28 -29.29 -29.29 -29.25 -29.23 -29.26 -29.26 -29.27 -29.31 -29.33 -29.38 -29.37 -29.30 -29.31 -29.32 -29.54 -99999.00 -99999.00 -99999.00 -99999.00 -99999.00 -99999.00 -99999.00 -99999.00 -99999.00 -99999.00
-27.18 -26.71 -26.18 -26.08 -25.61 -24.53 -23.96 -23.81 -99999.00 -99999.00 -31.49 -31.16 -31.20 -31.02 -30.58 -30.12 -29.62 -28.97 -28.16 -27.64 -27.29 -29.65 -29.66 -29.35 -29.11 -28.83 -28.68 -28.77 -28.85 -28.90 -28.98 -29.03 -29.06 -29.06 -29.11 -29.14 -29.15 -29.18 -29.24 -29.21 -29.21 -29.18 -29.20 -29.23 -29.22 -29.25 -29.23 -29.28 -29.28 -29.29 -29.25 -29.21 -99999.00 -99999.00 -99999.00 -99999.00 -99999.00 -99999.00 -99999.00 -99999.00 -99999.00 -99999.00 -99999.00
-27.03 -26.94 -26.35 -26.04 -25.84 -24.83 -23.56 -24.16 -99999.00 -99999.00 -31.82 -31.00 -31.02 -30.90 -30.38 -29.90 -29.49 -29.35 -28.53 -27.29 -28.74 -99999.00 -99999.00 -29.62 -29.29 -28.98 -28.68 -28.65 -28.75 -28.81 -28.87 -28.90 -28.92 -28.95 -28.96 -29.03 -29.03 -29.09 -29.11 -29.14 -29.15 -29.11 -29.13 -29.17 -29.21 -29.30 -29.34 -29.25 -29.23 -29.18 -29.19 -99999.00 -99999.00 -99999.00 -99999.00 -99999.00 -99999.00 -99999.00 -99999.00 -99999.00 -99999.00 -99999.00 -99999.00
-26.96 -26.90 -26.77 -26.26 -25.94 -25.25 -23.76 -23.30 -99999.00 -31.43 -31.39 -30.87 -30.83 -30.65 -30.22 -29.77 -29.33 -28.59 -27.71 -27.73 -29.39 -29.79 -29.87 -29.74 -29.37 -29.01 -28.70 -28.55 -28.61 -28.65 -28.71 -28.78 -28.81 -28.84 -28.88 -28.87 -28.97 -28.99 -29.03 -29.08 -29.07 -29.11 -29.11 -29.11 -29.16 -29.23 -29.31 -29.23 -29.19 -29.13 -29.17 -99999.00 -99999.00 -99999.00 -99999.00 -99999.00 -99999.00 -99999.00 -99999.00 -99999.00 -99999.00 -99999.00 -99999.00
-26.99 -26.81 -26.92 -26.42 -26.59 -25.76 -24.97 -24.82 -26.22 -31.38 -30.74 -30.69 -30.66 -30.43 -30.00 -29.54 -29.16 -28.74 -29.01 -29.48 -29.60 -29.70 -29.87 -29.68 -29.28 -28.94 -28.59 -28.43 -28.51 -28.53 -28.57 -28.67 -28.71 -28.78 -28.80 -28.80 -28.81 -28.87 -28.93 -28.98 -29.01 -29.02 -29.04 -29.02 -29.07 -29.08 -29.13 -29.22 -29.23 -29.26 -99999.00 -99999.00 -99999.00 -99999.00 -99999.00 -99999.00 -99999.00 -99999.00 -99999.00 -99999.00 -99999.00 -99999.00 -99999.00
-26.91 -26.99 -26.99 -26.94 -26.48 -25.85 -25.49 -25.08 -25.97 -31.23 -30.60 -30.49 -30.47 -30.18 -29.84 -29.28 -29.08 -29.16 -29.29 -29.43 -29.61 -29.71 -29.79 -29.54 -29.14 -28.77 -28.44 -28.28 -28.34 -28.43 -28.47 -28.53 -28.61 -28.69 -28.74 -28.74 -28.73 -28.78 -28.83 -28.89 -28.92 -28.94 -28.96 -29.00 -29.00 -29.01 -29.06 -29.18 -29.33 -29.41 -99999.00 -99999.00 -99999.00 -99999.00 -99999.00 -99999.00 -99999.00 -99999.00 -99999.00 -99999.00 -99999.00 -99999.00 -99999.00
-27.14 -27.07 -27.12 -27.10 -26.70 -26.32 -26.15 -25.83 -31.11 -31.09 -30.58 -30.34 -30.23 -30.07 -29.66 -29.09 -29.04 -29.14 -29.25 -29.36 -29.50 -29.65 -29.60 -29.30 -28.92 -28.56 -28.37 -28.31 -28.20 -28.17 -28.27 -28.37 -28.42 -28.56 -28.60 -28.63 -28.63 -28.69 -28.73 -28.77 -28.84 -28.84 -28.92 -28.99 -29.02 -29.03 -29.08 -29.12 -29.23 -29.42 -99999.00 -99999.00 -99999.00 -99999.00 -99999.00 -99999.00 -99999.00 -99999.00 -99999.00 -99999.00 -99999.00 -99999.00 -99999.00
-27.09 -26.94 -26.89 -26.90 -26.71 -26.28 -26.35 -25.93 -31.19 -29.37 -30.35 -30.19 -30.06 -29.83 -29.54 -29.19 -28.95 -29.06 -29.19 -29.33 -29.43 -29.51 -29.41 -29.11 -28.75 -28.50 -28.45 -28.40 -28.31 -28.22 -28.13 -28.09 -28.21 -28.33 -28.42 -28.47 -28.53 -28.53 -28.63 -28.69 -28.73 -28.78 -28.77 -28.85 -28.86 -28.91 -28.93 -28.98 -29.07 -99999.00 -99999.00 -99999.00 -99999.00 -99999.00 -99999.00 -99999.00 -99999.00 -99999.00 -99999.00 -99999.00 -99999.00 -99999.00 -99999.00
-26.94 -26.88 -26.78 -26.74 -26.52 -26.33 -26.21 -25.51 -30.27 -99999.00 -30.11 -30.03 -29.86 -29.68 -29.32 -28.78 -28.75 -29.02 -29.11 -29.23 -29.32 -29.35 -29.23 -28.91 -28.58 -28.52 -28.55 -28.56 -28.47 -28.39 -28.31 -28.26 -28.17 -28.14 -28.12 -28.24 -28.37 -28.42 -28.51 -28.58 -28.67 -28.68 -28.73 -28.69 -28.72 -28.77 -28.75 -28.81 -99999.00 -99999.00 -99999.00 -99999.00 -99999.00 -99999.00 -99999.00 -99999.00 -99999.00 -99999.00 -99999.00 -99999.00 -99999.00 -99999.00 -99999.00
-26.85 -26.80 -26.64 -26.60 -26.35 -26.63 -26.15 -28.44 -28.46 -30.01 -30.01 -29.92 -29.73 -29.61 -29.21 -28.86 -28.87 -28.93 -29.06 -29.10 -29.18 -29.19 -29.08 -28.81 -28.58 -28.60 -28.68 -28.72 -28.66 -28.63 -28.59 -28.50 -28.51 -28.44 -28.17 -28.05 -28.13 -28.23 -28.33 -28.46 -28.59 -28.72 -28.73 -28.65 -28.62 -28.63 -28.62 -99999.00 -99999.00 -99999.00 -99999.00 -99999.00 -99999.00 -99999.00 -99999.00 -99999.00 -99999.00 -99999.00 -99999.00 -99999.00 -99999.00 -99999.00 -99999.00
-26.70 -26.73 -26.56 -26.50 -26.29 -26.27 -28.11 -29.29 -99999.00 -29.99 -29.91 -29.82 -29.56 -29.43 -28.99 -28.63 -28.72 -28.83 -28.93 -29.01 -29.05 -29.05 -28.92 -28.70 -28.69 -28.79 -28.85 -28.92 -28.88 -28.82 -28.77 -28.71 -28.64 -28.52 -28.43 -28.30 -28.12 -28.04 -28.15 -28.34 -28.45 -28.58 -28.62 -28.67 -28.67 -28.63 -28.61 -99999.00 -99999.00 -99999.00 -99999.00 -99999.00 -99999.00 -99999.00 -99999.00 -99999.00 -99999.00 -99999.00 -99999.00 -99999.00 -99999.00 -99999.00 -99999.00
-26.66 -26.60 -26.43 -26.14 -26.02 -27.58 -30.84 -30.50 -30.08 -29.93 -29.78 -29.59 -29.32 -29.14 -28.85 -28.70 -28.63 -28.67 -28.73 -28.81 -28.86 -28.84 -28.67 -28.70 -28.80 -28.97 -29.03 -29.11 -29.07 -29.01 -28.99 -28.95 -28.88 -28.81 -28.67 -28.51 -28.35 -28.17 -28.02 -28.09 -28.37 -28.46 -28.54 -28.66 -28.72 -28.75 -99999.00 -99999.00 -99999.00 -99999.00 -99999.00 -99999.00 -99999.00 -99999.00 -99999.00 -99999.00 -99999.00 -99999.00 -99999.00 -99999.00 -99999.00 -99999.00 -99999.00
-26.61 -26.46 -25.94 -25.84 -26.84 -27.73 -31.05 -30.22 -29.98 -29.82 -29.63 -29.40 -29.16 -28.90 -28.75 -28.88 -28.82 -28.68 -28.68 -28.67 -28.67 -28.70 -28.79 -28.85 -29.22 -29.20 -29.32 -29.25 -29.22 -29.21 -29.20 -29.16 -29.13 -29.03 -28.92 -28.71 -28.60 -28.43 -28.17 -28.00 -28.06 -28.34 -28.42 -28.58 -28.66 -28.74 -99999.00 -99999.00 -99999.00 -99999.00 -99999.00 -99999.00 -99999.00 -99999.00 -99999.00 -99999.00 -99999.00 -99999.00 -99999.00 -99999.00 -99999.00 -99999.00 -99999.00
-26.10 -25.83 -25.38 -25.40 -27.07 -30.99 -30.83 -30.06 -29.90 -29.74 -29.52 -29.25 -28.99 -28.74 -28.75 -28.97 -28.96 -28.87 -28.89 -28.91 -28.94 -29.00 -29.06 -29.26 -29.34 -29.40 -29.39 -29.39 -29.35 -29.37 -29.38 -29.34 -29.34 -29.25 -29.11 -28.93 -28.82 -28.63 -28.40 -28.17 -27.92 -28.04 -28.27 -28.46 -28.58 -99999.00 -99999.00 -99999.00 -99999.00 -99999.00 -99999.00 -99999.00 -99999.00 -99999.00 -99999.00 -99999.00 -99999.00 -99999.00 -99999.00 -99999.00 -99999.00 -99999.00 -99999.00
-26.09 -25.45 -25.01 -25.14 -27.57 -29.95 -30.40 -29.97 -29.84 -29.66 -29.41 -29.16 -28.91 -28.67 -28.78 -28.98 -29.00 -29.04 -29.12 -29.17 -29.21 -29.32 -29.40 -29.44 -29.47 -29.48 -29.49 -29.49 -29.45 -29.46 -29.44 -29.46 -29.43 -29.38 -29.29 -29.13 -28.99 -28.78 -28.56 -28.37 -28.18 -28.06 -27.97 -28.20 -28.42 -99999.00 -99999.00 -99999.00 -99999.00 -99999.00 -99999.00 -99999.00 -99999.00 -99999.00 -99999.00 -99999.00 -99999.00 -99999.00 -99999.00 -99999.00 -99999.00 -99999.00 -99999.00
-25.78 -25.42 -25.12 -25.46 -99999.00 -30.76 -29.89 -29.90 -29.76 -29.62 -29.38 -29.12 -28.65 -28.69 -28.84 -28.98 -29.03 -29.15 -29.24 -29.36 -29.48 -29.52 -29.52 -29.52 -29.54 -29.51 -29.48 -29.46 -29.44 -29.47 -29.47 -29.47 -29.44 -29.39 -29.32 -29.20 -29.06 -28.97 -28.82 -28.63 -28.45 -28.29 -28.15 -28.06 -99999.00 -99999.00 -99999.00 -99999.00 -99999.00 -99999.00 -99999.00 -99999.00 -99999.00 -99999.00 -99999.00 -99999.00 -99999.00 -99999.00 -99999.00 -99999.00 -99999.00 -99999.00 -99999.00
-24.90 -25.06 -25.08 -24.77 -29.68 -30.65 -29.86 -29.83 -29.71 -29.55 -29.30 -29.08 -28.82 -28.72 -28.86 -29.01 -29.13 -29.25 -29.38 -29.51 -29.58 -29.58 -29.52 -29.48 -29.48 -29.45 -29.42 -29.39 -29.36 -29.37 -29.38 -29.36 -29.33 -29.35 -29.30 -29.31 -29.24 -29.16 -29.00 -28.83 -28.75 -28.51 -28.33 -28.33 -99999.00 -99999.00 -99999.00 -99999.00 -99999.00 -99999.00 -99999.00 -99999.00 -99999.00 -99999.00 -99999.00 -99999.00 -99999.00 -99999.00 -99999.00 -99999.00 -99999.00 -99999.00 -99999.00
-24.52 -24.88 -24.68 -24.74 -30.25 -30.48 -29.85 -29.80 -29.70 -29.51 -29.29 -29.01 -28.82 -28.88 -28.93 -29.04 -29.17 -29.32 -29.46 -29.57 -29.58 -29.52 -29.43 -29.47 -29.48 -29.44 -29.52 -29.51 -29.56 -29.52 -29.50 -29.42 -29.45 -29.43 -29.47 -29.43 -29.39 -29.31 -29.19 -29.08 -28.92 -28.75 -28.55 -28.49 -99999.00 -99999.00 -99999.00 -99999.00 -99999.00 -99999.00 -99999.00 -99999.00 -99999.00 -99999.00 -99999.00 -99999.00 -99999.00 -99999.00 -99999.00 -99999.00 -99999.00 -99999.00 -99999.00
-24.80 -24.75 -24.81 -26.20 -30.22 -99999.00 -29.83 -29.74 -29.63 -29.50 -29.26 -28.98 -28.96 -29.16 -29.23 -29.26 -29.24 -29.37 -29.52 -29.56 -29.52 -29.47 -29.58 -29.67 -29.80 -29.92 -29.88 -29.83 -29.78 -29.77 -29.66 -29.61 -29.58 -29.52 -29.56 -29.63 -29.55 -29.49 -29.41 -29.24 -29.11 -28.92 -28.80 -28.71 -99999.00 -99999.00 -99999.00 -99999.00 -99999.00 -99999.00 -99999.00 -99999.00 -99999.00 -99999.00 -99999.00 -99999.00 -99999.00 -99999.00 -99999.00 -99999.00 -99999.00 -99999.00 -99999.00
-25.17 -25.44 -27.02 -28.52 -30.35 -29.73 -29.83 -29.70 -29.54 -29.38 -29.19 -29.09 -29.24 -29.42 -29.56 -29.65 -29.57 -29.50 -29.47 -29.54 -29.57 -29.75 -29.91 -30.07 -30.11 -30.09 -30.13 -30.08 -30.02 -29.90 -29.85 -29.78 -29.74 -29.73 -29.70 -29.73 -29.72 -29.65 -29.56 -29.41 -29.30 -29.16 -29.00 -28.89 -99999.00 -99999.00 -99999.00 -99999.00 -99999.00 -99999.00 -99999.00 -99999.00 -99999.00 -99999.00 -99999.00 -99999.00 -99999.00 -99999.00 -99999.00 -99999.00 -99999.00 -99999.00 -99999.00
-25.53 -25.84 -28.27 -29.63 -29.89 -29.78 -29.74 -29.71 -29.52 -29.30 -29.21 -29.27 -29.50 -29.65 -29.82 -29.96 -29.92 -29.91 -29.87 -29.86 -29.98 -30.16 -30.29 -30.38 -30.43 -30.34 -30.31 -30.22 -30.15 -30.07 -30.04 -29.95 -29.88 -29.88 -29.82 -29.91 -29.84 -29.75 -29.67 -29.55 -29.41 -29.30 -29.15 -29.06 -99999.00 -99999.00 -99999.00 -99999.00 -99999.00 -99999.00 -99999.00 -99999.00 -99999.00 -99999.00 -99999.00 -99999.00 -99999.00 -99999.00 -99999.00 -99999.00 -99999.00 -99999.00 -99999.00
