Data/Map_files/20140807_GardenCity_VLIZ (2).asc
ncols 288
nrows 416
xllcenter 451614.5000000000
yllcenter 5703817.5000000000
cellsize 1.0000000000
nodata_value -99999.000000
[rows 280 to 307 of 416, columns 63 to 125 of 288]
-29.77 -29.76 -29.79 -29.79 -29.79 -29.82 -29.75 -29.78 -29.73 -29.71 -29.67 -29.63 -29.58 -29.55 -29.55 -29.51 -29.52 -29.54 -29.53 -29.49 -29.40 -29.28 -29.29 -29.62 -29.73 -29.79 -29.82 -29.84 -29.77 -29.71 -29.62 -29.54 -29.53 -29.56 -29.60 -29.71 -29.88 -29.94 -29.99 -29.98 -30.04 -30.14 -30.33 -30.45 -30.58 -30.59 -30.46 -30.38 -30.42 -30.57 -30.73 -30.84 -30.93 -31.02 -31.12 -31.20 -31.27 -31.37 -31.41 -31.47 -31.51 -31.50 -31.54
-29.95 -30.01 -30.00 -30.05 -30.00 -29.96 -29.96 -29.93 -29.90 -29.87 -29.82 -29.79 -29.77 -29.74 -29.72 -29.71 -29.73 -29.71 -29.68 -29.63 -29.56 -29.42 -29.28 -29.45 -29.63 -29.75 -29.82 -29.82 -29.84 -29.80 -29.74 -29.66 -29.60 -29.54 -29.48 -29.69 -29.83 -29.89 -29.94 -29.94 -30.02 -30.18 -30.37 -30.52 -30.61 -30.64 -30.66 -30.44 -30.43 -30.60 -30.68 -30.80 -30.88 -31.00 -31.09 -31.20 -31.30 -31.38 -31.49 -31.57 -31.62 -31.63 -31.66
-30.05 -30.08 -30.12 -30.08 -30.09 -30.04 -30.05 -30.00 -29.96 -29.91 -29.90 -29.88 -29.87 -29.84 -29.85 -29.85 -29.84 -29.85 -29.81 -29.74 -29.67 -29.59 -29.49 -29.42 -29.67 -29.75 -29.83 -29.87 -29.85 -29.81 -29.79 -29.75 -29.69 -29.62 -29.57 -29.57 -29.74 -29.88 -29.93 -29.90 -29.96 -30.20 -30.39 -30.50 -30.63 -30.67 -30.67 -30.56 -30.41 -30.52 -30.68 -30.78 -30.86 -30.97 -31.08 -31.16 -31.26 -31.33 -31.44 -31.52 -31.57 -31.61 -31.68
-30.02 -30.08 -30.11 -30.06 -30.05 -30.00 -30.01 -30.00 -29.96 -29.96 -29.91 -29.90 -29.91 -29.91 -29.90 -29.91 -29.93 -29.95 -29.91 -29.85 -29.80 -29.67 -29.57 -29.50 -29.54 -29.72 -29.82 -29.88 -29.89 -29.85 -29.81 -29.78 -29.75 -29.68 -29.60 -29.56 -29.71 -29.89 -29.92 -29.89 -30.03 -30.24 -30.39 -30.52 -30.64 -30.67 -30.70 -30.62 -30.54 -30.48 -30.65 -30.75 -30.84 -30.93 -31.02 -31.10 -31.18 -31.28 -31.34 -31.42 -31.47 -31.55 -31.64
-29.98 -30.03 -30.05 -30.03 -29.98 -29.96 -29.97 -29.95 -29.94 -29.91 -29.91 -29.89 -29.91 -29.91 -29.92 -29.95 -29.99 -30.03 -30.02 -29.96 -29.85 -29.67 -29.59 -29.50 -29.50 -29.62 -29.81 -29.88 -29.90 -29.89 -29.86 -29.82 -29.79 -29.74 -29.64 -29.53 -29.68 -29.88 -29.91 -29.84 -30.07 -30.23 -30.40 -30.52 -30.64 -30.72 -30.77 -30.74 -30.63 -30.53 -30.58 -30.72 -30.80 -30.89 -30.99 -31.04 -31.14 -31.19 -31.24 -31.33 -31.40 -31.49 -31.59
-29.88 -29.94 -29.95 -29.99 -29.95 -29.91 -29.93 -29.86 -29.79 -29.78 -29.80 -29.81 -29.83 -29.85 -29.91 -29.95 -30.04 -30.09 -30.10 -30.06 -29.83 -29.77 -29.65 -29.57 -29.35 -29.47 -29.71 -29.84 -29.89 -29.89 -29.87 -29.86 -29.83 -29.81 -29.72 -29.58 -29.64 -29.85 -29.89 -29.86 -30.06 -30.26 -30.40 -30.53 -30.65 -30.73 -30.76 -30.80 -30.72 -30.70 -30.65 -30.63 -30.69 -30.83 -30.96 -31.01 -31.08 -31.14 -31.20 -31.24 -31.32 -31.39 -31.51
-29.79 -29.85 -29.89 -29.91 -29.92 -29.81 -29.84 -29.82 -29.80 -29.85 -29.82 -29.83 -29.83 -29.80 -29.82 -29.93 -30.03 -30.13 -30.16 -29.98 -29.94 -29.82 -29.75 -29.65 -29.50 -29.42 -29.60 -29.79 -29.84 -29.88 -29.85 -29.85 -29.84 -29.82 -29.73 -29.65 -29.53 -29.72 -29.83 -29.92 -30.10 -30.24 -30.40 -30.56 -30.67 -30.78 -30.80 -30.81 -30.83 -30.82 -30.87 -30.82 -30.84 -30.81 -30.85 -30.94 -31.00 -31.09 -31.16 -31.20 -31.26 -31.33 -31.41
-29.59 -29.60 -29.67 -29.73 -29.71 -29.71 -29.76 -29.81 -29.91 -30.00 -29.99 -30.00 -30.01 -29.97 -29.96 -29.87 -30.01 -30.16 -30.11 -30.03 -30.00 -29.91 -29.82 -29.71 -29.58 -29.46 -29.47 -29.65 -29.77 -29.79 -29.80 -29.79 -29.80 -29.77 -29.72 -29.64 -29.50 -29.69 -29.77 -29.97 -30.08 -30.27 -30.44 -30.57 -30.69 -30.76 -30.83 -30.88 -30.91 -30.97 -30.99 -31.01 -31.01 -31.09 -31.04 -31.10 -31.11 -31.01 -31.04 -31.13 -31.27 -31.31 -31.40
-29.77 -29.78 -29.79 -29.79 -29.81 -29.83 -29.88 -29.97 -30.04 -30.11 -30.11 -30.12 -30.14 -30.14 -30.10 -30.00 -29.99 -30.15 -30.08 -30.05 -30.01 -29.97 -29.87 -29.79 -29.68 -29.56 -29.48 -29.47 -29.64 -29.66 -29.65 -29.70 -29.69 -29.67 -29.63 -29.54 -29.48 -29.60 -29.77 -29.86 -30.09 -30.24 -30.40 -30.54 -30.65 -30.78 -30.84 -30.90 -30.93 -31.01 -31.09 -31.14 -31.21 -31.30 -31.33 -31.28 -31.28 -31.23 -31.20 -31.14 -31.11 -31.33 -31.38
-29.89 -29.94 -29.98 -29.99 -29.96 -30.02 -30.03 -30.06 -30.10 -30.12 -30.16 -30.16 -30.21 -30.24 -30.23 -30.14 -29.99 -30.11 -30.14 -30.13 -30.12 -30.07 -29.98 -29.90 -29.82 -29.69 -29.60 -29.55 -29.49 -29.50 -29.49 -29.47 -29.45 -29.51 -29.48 -29.42 -29.46 -29.64 -29.76 -29.94 -30.07 -30.21 -30.33 -30.50 -30.65 -30.74 -30.88 -30.91 -30.96 -31.04 -31.14 -31.21 -31.29 -31.35 -31.41 -31.46 -31.48 -31.47 -31.42 -31.37 -31.23 -31.18 -31.34
-29.86 -29.94 -30.00 -30.01 -29.99 -30.02 -30.01 -30.06 -30.10 -30.13 -30.13 -30.18 -30.24 -30.28 -30.29 -30.25 -30.11 -30.02 -30.19 -30.23 -30.19 -30.13 -30.06 -29.98 -29.89 -29.83 -29.79 -29.73 -29.68 -29.59 -29.56 -29.43 -29.41 -29.32 -29.25 -29.29 -29.42 -29.60 -29.75 -29.86 -30.04 -30.17 -30.30 -30.43 -30.54 -30.67 -30.79 -30.86 -30.97 -31.04 -31.10 -31.16 -31.30 -31.37 -31.43 -31.51 -31.56 -31.60 -31.60 -31.54 -31.48 -31.44 -31.31
-29.78 -29.81 -29.86 -29.89 -29.88 -29.90 -29.94 -29.99 -30.09 -30.13 -30.14 -30.17 -30.24 -30.30 -30.32 -30.30 -30.12 -30.10 -30.22 -30.24 -30.21 -30.18 -30.12 -30.04 -29.97 -29.92 -29.88 -29.90 -29.85 -29.82 -29.76 -29.66 -29.63 -29.53 -29.65 -29.11 -29.35 -29.52 -29.70 -29.80 -29.96 -30.11 -30.28 -30.38 -30.49 -30.60 -30.72 -30.82 -30.89 -31.01 -31.10 -31.16 -31.27 -31.37 -31.42 -31.50 -31.58 -31.60 -31.65 -31.65 -31.66 -31.63 -31.51
-29.51 -29.55 -29.60 -29.63 -29.68 -29.74 -29.74 -29.84 -29.96 -30.07 -30.13 -30.15 -30.20 -30.25 -30.29 -30.23 -30.12 -30.06 -30.19 -30.23 -30.21 -30.18 -30.14 -30.07 -30.00 -29.98 -29.96 -29.97 -29.96 -29.93 -29.90 -29.85 -29.84 -29.73 -29.55 -29.31 -29.25 -29.51 -29.67 -29.82 -29.98 -30.04 -30.17 -30.30 -30.42 -30.55 -30.65 -30.73 -30.82 -30.93 -31.02 -31.11 -31.24 -31.30 -31.41 -31.49 -31.55 -31.62 -31.67 -31.71 -31.76 -31.78 -31.75
-29.61 -29.62 -29.67 -29.72 -29.78 -29.81 -29.81 -29.87 -29.84 -29.90 -29.93 -30.05 -30.16 -30.25 -30.25 -30.13 -30.09 -30.07 -30.18 -30.21 -30.19 -30.14 -30.11 -30.07 -30.02 -30.00 -29.99 -30.00 -29.99 -29.97 -29.96 -29.97 -29.98 -29.88 -29.71 -29.50 -29.32 -29.50 -29.66 -29.77 -29.88 -30.00 -30.13 -30.20 -30.35 -30.49 -30.55 -30.64 -30.73 -30.84 -30.94 -31.04 -31.14 -31.23 -31.36 -31.45 -31.54 -31.63 -31.69 -31.74 -31.81 -31.84 -31.90
-29.71 -29.75 -29.77 -29.79 -29.84 -29.87 -29.89 -29.93 -29.96 -29.97 -29.98 -29.95 -29.97 -30.05 -30.18 -30.05 -30.11 -30.10 -30.01 -30.03 -30.05 -30.08 -30.05 -29.99 -29.99 -29.96 -29.99 -29.99 -29.97 -30.01 -30.02 -30.07 -30.05 -30.03 -29.86 -29.59 -29.42 -29.43 -29.66 -29.78 -29.91 -29.99 -30.05 -30.16 -30.26 -30.37 -30.40 -30.51 -30.61 -30.74 -30.84 -30.95 -31.07 -31.19 -31.31 -31.41 -31.49 -31.60 -31.68 -31.76 -31.83 -31.89 -31.94
-29.72 -29.73 -29.78 -29.78 -29.79 -29.83 -29.87 -29.96 -30.02 -30.06 -30.09 -30.06 -30.07 -30.02 -30.15 -30.14 -30.17 -30.20 -30.15 -30.05 -30.00 -30.00 -29.95 -29.97 -29.91 -29.93 -29.98 -29.92 -29.97 -30.00 -30.07 -30.10 -30.14 -30.09 -29.89 -29.68 -29.45 -29.39 -29.67 -29.79 -29.99 -30.09 -30.24 -30.35 -30.43 -30.52 -30.48 -30.52 -30.53 -30.64 -30.72 -30.86 -31.01 -31.13 -31.23 -31.34 -31.45 -31.56 -31.67 -31.75 -31.83 -31.90 -31.96
-29.67 -29.62 -29.66 -29.72 -29.72 -29.79 -29.84 -29.93 -30.03 -30.09 -30.13 -30.18 -30.19 -30.32 -30.31 -30.32 -30.31 -30.35 -30.31 -30.31 -30.24 -30.25 -30.23 -30.16 -30.15 -30.04 -29.96 -29.99 -29.99 -30.00 -30.10 -30.17 -30.20 -30.12 -29.95 -29.76 -29.60 -29.44 -29.62 -29.86 -30.06 -30.27 -30.43 -30.54 -30.58 -30.69 -30.71 -30.81 -30.82 -30.72 -30.63 -30.83 -30.93 -31.04 -31.16 -31.29 -31.39 -31.52 -31.64 -31.72 -31.81 -31.89 -31.97
-29.56 -29.55 -29.53 -29.55 -29.61 -29.72 -29.80 -29.93 -30.01 -30.09 -30.16 -30.19 -30.27 -30.38 -30.41 -30.42 -30.43 -30.44 -30.45 -30.46 -30.44 -30.44 -30.41 -30.37 -30.35 -30.29 -30.20 -30.04 -29.86 -30.00 -30.11 -30.18 -30.21 -30.15 -30.03 -29.84 -29.67 -29.47 -29.79 -29.96 -30.12 -30.31 -30.45 -30.58 -30.67 -30.78 -30.90 -31.00 -31.02 -30.92 -30.61 -30.73 -30.86 -30.95 -31.07 -31.20 -31.34 -31.47 -31.58 -31.69 -31.78 -31.85 -31.94
-29.61 -29.67 -29.70 -29.71 -29.66 -29.65 -29.65 -29.82 -29.98 -30.06 -30.12 -30.15 -30.33 -30.38 -30.42 -30.43 -30.45 -30.47 -30.49 -30.50 -30.50 -30.50 -30.50 -30.48 -30.45 -30.44 -30.37 -30.28 -30.03 -29.97 -30.10 -30.22 -30.17 -30.14 -30.07 -29.92 -29.69 -29.57 -29.80 -29.98 -30.15 -30.30 -30.45 -30.57 -30.68 -30.83 -30.99 -31.11 -31.12 -30.87 -30.55 -30.63 -30.78 -30.88 -31.05 -31.15 -31.25 -31.38 -31.51 -31.61 -31.71 -31.80 -31.88
-29.83 -29.90 -29.90 -29.90 -29.85 -29.82 -29.73 -29.69 -29.82 -29.98 -30.05 -30.34 -30.32 -30.36 -30.40 -30.41 -30.44 -30.46 -30.48 -30.48 -30.48 -30.49 -30.52 -30.51 -30.51 -30.49 -30.47 -30.37 -30.18 -29.93 -30.06 -30.15 -30.18 -30.18 -30.10 -29.90 -29.67 -29.53 -29.77 -29.98 -30.15 -30.25 -30.42 -30.56 -30.70 -30.84 -30.95 -31.08 -31.07 -30.84 -30.58 -30.59 -30.66 -30.77 -30.90 -31.04 -31.17 -31.29 -31.41 -31.52 -31.62 -31.71 -31.83
-29.92 -29.96 -29.99 -29.99 -29.98 -29.96 -29.91 -29.83 -29.79 -29.79 -29.89 -30.21 -30.22 -30.28 -30.37 -30.37 -30.40 -30.40 -30.43 -30.45 -30.49 -30.48 -30.50 -30.53 -30.54 -30.55 -30.55 -30.49 -30.30 -30.06 -29.92 -29.97 -30.05 -30.10 -30.01 -29.84 -29.60 -29.58 -29.76 -29.94 -30.07 -30.25 -30.39 -30.55 -30.69 -30.81 -30.92 -30.97 -30.97 -30.81 -30.56 -30.53 -30.63 -30.69 -30.87 -30.93 -31.07 -31.20 -31.33 -31.45 -31.56 -31.65 -31.75
-29.93 -29.94 -29.99 -30.05 -30.09 -30.08 -30.07 -30.02 -29.97 -29.88 -30.21 -30.15 -30.19 -30.23 -30.19 -30.23 -30.32 -30.33 -30.35 -30.38 -30.45 -30.46 -30.47 -30.49 -30.55 -30.57 -30.58 -30.56 -30.42 -30.22 -30.03 -29.90 -29.81 -29.86 -29.73 -29.59 -29.44 -29.54 -29.72 -29.89 -30.05 -30.20 -30.37 -30.51 -30.67 -30.80 -30.87 -30.92 -30.92 -30.83 -30.65 -30.46 -30.58 -30.74 -30.78 -30.86 -30.97 -31.10 -31.24 -31.37 -31.46 -31.59 -31.70
-29.91 -29.96 -30.03 -30.09 -30.13 -30.14 -30.18 -30.18 -30.13 -30.31 -30.33 -30.29 -30.27 -30.28 -30.29 -30.20 -30.17 -30.17 -30.36 -30.34 -30.38 -30.38 -30.40 -30.47 -30.53 -30.59 -30.63 -30.59 -30.51 -30.35 -30.22 -30.09 -30.00 -29.85 -29.63 -29.50 -29.36 -29.53 -29.71 -29.83 -30.00 -30.15 -30.31 -30.48 -30.61 -30.71 -30.79 -30.86 -30.92 -30.96 -30.86 -30.81 -30.58 -30.65 -30.76 -30.86 -30.95 -31.04 -31.13 -31.24 -31.36 -31.47 -31.57
-29.86 -29.96 -30.01 -30.10 -30.17 -30.19 -30.25 -30.27 -99999.00 -30.34 -30.37 -30.37 -30.37 -30.35 -30.35 -30.34 -30.34 -30.30 -30.24 -30.31 -30.34 -30.49 -30.49 -30.39 -30.49 -30.59 -30.63 -30.60 -30.55 -30.47 -30.38 -30.26 -30.17 -30.04 -29.88 -29.63 -29.47 -29.51 -29.68 -29.83 -29.96 -30.11 -30.28 -30.40 -30.56 -30.66 -30.73 -30.83 -30.96 -31.12 -31.13 -30.95 -30.82 -30.65 -30.74 -30.84 -30.92 -31.00 -31.09 -31.17 -31.25 -31.36 -31.45
-29.84 -29.90 -29.96 -30.05 -30.12 -30.20 -30.26 -30.31 -30.34 -30.37 -30.39 -30.41 -30.41 -30.41 -30.42 -30.44 -30.47 -30.49 -30.45 -30.34 -30.30 -30.55 -30.56 -30.48 -30.44 -30.57 -30.60 -30.62 -30.58 -30.53 -30.48 -30.42 -30.33 -30.21 -30.00 -29.75 -29.47 -29.42 -29.64 -29.78 -29.93 -30.07 -30.21 -30.34 -30.47 -30.61 -30.73 -30.87 -31.04 -31.21 -31.22 -31.11 -30.89 -30.68 -30.71 -30.83 -30.92 -31.00 -31.08 -31.15 -31.23 -31.28 -31.36
-29.85 -29.90 -29.91 -30.00 -30.06 -30.18 -30.25 -30.26 -30.32 -30.37 -30.41 -30.43 -30.42 -30.42 -30.43 -30.47 -30.50 -30.54 -30.52 -30.43 -30.33 -30.49 -30.62 -30.58 -30.44 -30.53 -30.58 -30.62 -30.62 -30.58 -30.55 -30.53 -30.45 -30.32 -30.19 -29.95 -29.60 -29.44 -29.56 -29.75 -29.92 -30.02 -30.19 -30.33 -30.46 -30.63 -30.74 -30.90 -31.07 -31.17 -31.20 -31.13 -31.01 -30.79 -30.69 -30.81 -30.91 -30.97 -31.06 -31.13 -31.20 -31.26 -31.33
-30.08 -30.12 -30.10 -30.08 -30.04 -30.07 -30.20 -30.27 -30.31 -30.37 -30.41 -30.43 -30.42 -30.40 -30.41 -30.45 -30.48 -30.51 -30.49 -30.43 -30.35 -30.40 -30.63 -30.61 -30.49 -30.52 -30.60 -30.63 -30.61 -30.62 -30.63 -30.57 -30.57 -30.45 -30.35 -30.15 -29.87 -29.62 -29.44 -29.67 -29.91 -30.04 -30.16 -30.29 -30.45 -30.62 -30.73 -30.88 -31.02 -31.09 -31.12 -31.15 -31.07 -30.94 -30.78 -30.78 -30.88 -30.97 -31.03 -31.11 -31.18 -31.23 -31.28
-30.21 -30.24 -30.27 -30.26 -30.24 -30.16 -30.24 -30.24 -30.28 -30.36 -30.39 -30.41 -30.42 -30.40 -30.41 -30.42 -30.45 -30.48 -30.49 -30.47 -30.38 -30.29 -30.49 -30.56 -30.43 -30.45 -30.56 -30.57 -30.60 -30.61 -30.63 -30.60 -30.56 -30.57 -30.49 -30.28 -30.03 -29.77 -29.50 -29.60 -29.87 -30.00 -30.14 -30.28 -30.42 -30.57 -30.72 -30.85 -30.97 -31.05 -31.11 -31.13 -31.14 -31.08 -30.95 -30.85 -30.82 -30.88 -30.96 -31.02 -31.10 -31.17 -31.25
