Data/Map_files/20140807_GardenCity_VLIZ (2).asc
ncols 288
nrows 416
xllcenter 451614.5000000000
yllcenter 5703817.5000000000
cellsize 1.0000000000
nodata_value -99999.000000
[rows 140 to 167 of 416, columns 126 to 188 of 288]
-30.36 -30.15 -30.16 -29.97 -29.83 -29.71 -29.60 -29.58 -29.37 -29.33 -29.18 -29.14 -29.16 -29.10 -29.04 -28.99 -28.68 -27.54 -26.61 -26.55 -26.33 -26.25 -26.28 -26.40 -26.42 -26.22 -26.21 -26.19 -26.36 -26.54 -26.67 -26.60 -26.38 -26.14 -25.67 -25.53 -25.39 -25.41 -25.52 -25.93 -26.20 -26.53 -26.34 -26.55 -26.88 -27.09 -26.97 -26.34 -26.75 -26.66 -26.27 -26.26 -26.35 -26.41 -26.50 -26.60 -26.67 -26.63 -26.98 -27.17 -27.22 -26.99 -26.73
-30.47 -30.40 -30.23 -30.09 -29.96 -29.86 -29.74 -29.62 -29.52 -29.41 -29.30 -29.25 -29.08 -29.11 -29.17 -28.92 -28.62 -26.88 -26.68 -26.44 -26.31 -26.28 -26.35 -26.43 -26.42 -26.29 -26.29 -26.26 -26.47 -26.62 -26.52 -26.49 -26.41 -25.98 -25.83 -25.64 -25.41 -25.45 -25.66 -25.96 -26.40 -26.54 -26.50 -26.81 -27.05 -27.09 -27.00 -26.95 -26.65 -26.15 -26.14 -26.24 -26.37 -26.44 -26.61 -26.67 -26.62 -26.85 -27.26 -27.26 -27.17 -27.25 -27.42
-30.51 -30.38 -30.33 -30.24 -30.11 -30.00 -29.86 -29.67 -29.61 -29.61 -29.42 -29.34 -29.24 -29.41 -29.19 -28.65 -27.16 -26.70 -26.50 -26.28 -26.24 -26.19 -26.26 -26.30 -26.32 -26.25 -26.14 -26.24 -26.46 -26.58 -26.54 -26.48 -26.42 -26.03 -25.82 -25.51 -25.38 -25.40 -25.87 -26.14 -26.40 -26.60 -26.72 -26.84 -27.01 -27.09 -27.05 -26.96 -26.23 -26.12 -26.15 -26.20 -26.22 -26.42 -26.66 -26.77 -26.85 -27.32 -27.30 -27.29 -27.17 -27.34 -27.35
-30.60 -30.53 -30.44 -30.28 -30.12 -30.12 -29.91 -29.82 -29.73 -29.64 -29.55 -29.32 -29.50 -29.39 -29.13 -27.65 -26.63 -26.66 -26.31 -26.16 -26.14 -26.11 -26.08 -26.11 -26.15 -26.07 -26.07 -26.24 -26.37 -26.44 -26.36 -26.42 -26.38 -26.18 -25.90 -25.55 -25.36 -25.67 -25.87 -26.35 -26.50 -26.67 -26.80 -26.92 -26.96 -26.95 -26.71 -26.39 -26.17 -26.21 -26.27 -26.32 -26.38 -26.48 -26.54 -26.79 -27.10 -27.23 -27.24 -27.25 -27.25 -27.12 -27.29
-30.67 -30.56 -30.43 -30.38 -30.30 -30.06 -30.04 -29.86 -29.83 -29.67 -29.56 -29.51 -29.68 -29.47 -29.19 -27.09 -26.75 -26.49 -26.28 -26.20 -26.04 -26.00 -25.98 -25.97 -26.03 -25.92 -25.99 -26.07 -26.19 -26.31 -26.24 -26.25 -26.28 -26.33 -26.15 -25.77 -25.62 -25.80 -26.16 -26.32 -26.57 -26.72 -26.81 -26.83 -26.93 -26.86 -26.36 -26.14 -26.11 -26.18 -26.25 -26.35 -26.43 -26.62 -26.74 -27.10 -27.20 -27.10 -27.10 -27.20 -27.25 -27.32 -27.31
-30.64 -30.59 -30.47 -30.41 -30.33 -30.20 -30.23 -30.03 -29.95 -29.87 -29.81 -29.87 -29.62 -29.40 -27.67 -26.70 -26.56 -26.39 -26.30 -26.17 -26.08 -25.93 -25.87 -25.86 -25.94 -25.80 -25.43 -25.61 -25.96 -26.14 -26.23 -26.26 -26.17 -26.35 -26.47 -26.15 -26.08 -25.93 -26.26 -26.48 -26.58 -26.71 -26.81 -26.75 -26.76 -26.74 -26.55 -26.30 -26.16 -26.12 -26.15 -26.22 -26.40 -26.54 -26.89 -27.05 -27.14 -27.20 -27.17 -27.12 -27.33 -27.19 -27.39
-30.61 -30.55 -30.48 -30.45 -30.42 -30.32 -30.27 -30.24 -30.16 -30.04 -30.11 -29.56 -29.73 -28.18 -26.85 -26.62 -26.32 -26.21 -26.13 -26.06 -25.95 -25.88 -25.77 -25.89 -25.74 -25.24 -25.14 -25.32 -25.68 -26.11 -26.30 -26.29 -26.19 -26.20 -26.41 -26.37 -26.35 -26.47 -26.27 -26.37 -26.23 -26.58 -26.68 -26.67 -26.69 -26.74 -26.74 -26.49 -26.03 -25.90 -25.96 -26.17 -26.28 -26.61 -26.84 -27.02 -27.10 -27.05 -27.17 -27.26 -27.34 -27.07 -27.18
-30.60 -30.57 -30.55 -30.49 -30.45 -30.41 -30.24 -30.53 -30.51 -30.36 -30.10 -29.86 -28.31 -26.63 -26.40 -26.28 -26.16 -25.98 -25.92 -25.87 -25.76 -25.75 -25.86 -25.86 -25.67 -25.40 -25.23 -25.44 -25.77 -26.00 -26.31 -26.27 -26.22 -26.00 -26.09 -26.29 -26.38 -26.46 -26.13 -25.96 -25.69 -26.30 -26.44 -26.49 -26.68 -26.73 -26.67 -26.59 -26.34 -25.97 -25.93 -26.18 -26.41 -26.61 -26.81 -27.00 -27.04 -26.99 -27.06 -27.22 -27.24 -26.97 -27.17
-30.50 -30.53 -30.57 -30.56 -30.52 -30.50 -30.50 -30.76 -30.66 -30.43 -30.09 -28.14 -26.94 -26.54 -26.30 -26.08 -25.77 -25.71 -25.61 -25.62 -25.58 -25.89 -25.96 -25.79 -25.64 -25.03 -25.54 -25.63 -25.84 -26.06 -26.30 -26.33 -26.25 -26.08 -25.96 -26.20 -26.34 -26.25 -25.46 -24.52 -24.57 -25.78 -26.33 -26.21 -26.54 -26.67 -26.64 -26.42 -26.17 -26.06 -26.03 -26.26 -26.40 -26.61 -26.67 -26.95 -26.93 -26.97 -27.10 -27.13 -26.99 -26.79 -27.00
-30.52 -30.42 -30.61 -30.55 -30.62 -30.68 -30.90 -30.85 -30.69 -30.31 -29.94 -28.15 -26.76 -26.41 -26.19 -25.87 -25.63 -25.40 -25.36 -25.33 -25.66 -26.28 -26.14 -26.03 -25.11 -25.17 -25.56 -25.87 -26.01 -26.10 -26.27 -26.40 -26.28 -26.05 -25.99 -26.19 -26.35 -25.81 -24.82 -24.19 -24.36 -24.57 -24.81 -25.46 -26.05 -26.27 -26.42 -26.29 -26.10 -26.07 -26.10 -26.19 -26.37 -26.46 -26.69 -26.85 -26.94 -26.92 -26.94 -26.95 -26.85 -26.64 -26.75
-30.56 -30.46 -30.55 -30.68 -30.70 -31.04 -31.06 -30.96 -30.62 -30.15 -29.51 -27.32 -26.26 -26.24 -26.07 -25.75 -25.39 -25.14 -24.95 -24.74 -24.41 -24.69 -25.18 -25.73 -25.43 -25.42 -25.74 -25.97 -26.21 -26.30 -26.45 -26.38 -26.18 -26.00 -26.11 -26.17 -25.96 -25.41 -24.51 -24.36 -24.62 -24.89 -25.18 -25.31 -25.48 -25.66 -25.94 -25.88 -25.83 -26.02 -26.06 -26.14 -26.26 -26.46 -26.60 -26.71 -26.81 -26.85 -26.87 -26.73 -26.52 -26.58 -26.34
-30.73 -30.53 -30.54 -30.66 -30.70 -30.69 -31.12 -30.91 -30.25 -29.25 -27.32 -26.87 -26.17 -26.07 -26.01 -25.73 -25.29 -25.01 -24.67 -24.76 -25.17 -24.78 -24.69 -25.18 -25.80 -25.72 -26.01 -26.19 -26.51 -26.57 -26.49 -26.44 -26.25 -26.10 -26.11 -26.06 -25.74 -24.83 -24.47 -24.42 -25.32 -25.32 -25.50 -25.44 -25.44 -25.43 -25.40 -25.58 -26.01 -26.00 -25.98 -26.15 -26.29 -26.33 -26.52 -26.64 -26.74 -26.78 -26.57 -26.45 -26.47 -26.46 -25.94
-30.77 -30.71 -30.58 -30.61 -30.68 -30.75 -30.80 -30.69 -29.97 -28.32 -26.73 -26.68 -26.30 -26.15 -26.04 -25.67 -25.55 -25.45 -25.13 -24.81 -24.88 -24.88 -24.95 -25.41 -25.90 -25.99 -26.29 -26.57 -26.71 -26.71 -26.53 -26.28 -26.22 -26.10 -26.06 -26.14 -26.29 -25.56 -25.44 -24.81 -25.31 -25.61 -25.67 -25.69 -25.63 -25.60 -25.56 -25.54 -26.10 -25.87 -25.83 -26.02 -26.61 -26.26 -26.46 -26.59 -26.70 -26.65 -26.43 -26.13 -25.92 -25.96 -25.42
-30.84 -30.77 -30.54 -30.52 -30.59 -30.69 -30.58 -30.48 -29.83 -29.38 -28.24 -26.81 -26.38 -26.14 -25.81 -25.60 -25.78 -26.49 -26.82 -25.66 -24.92 -25.14 -25.39 -25.63 -25.79 -26.16 -26.66 -26.84 -26.81 -26.58 -26.35 -26.25 -26.22 -26.14 -26.23 -26.10 -26.26 -26.10 -26.36 -26.24 -25.85 -25.87 -25.85 -25.79 -25.78 -25.73 -25.69 -25.81 -25.85 -25.76 -25.70 -25.97 -26.40 -26.20 -26.37 -26.58 -26.69 -26.41 -26.22 -26.06 -25.54 -25.36 -25.21
-30.93 -30.75 -30.75 -30.46 -30.46 -30.39 -30.50 -30.08 -29.38 -28.87 -28.68 -28.10 -26.67 -26.12 -25.87 -25.72 -25.60 -26.02 -26.29 -26.04 -25.52 -25.51 -25.72 -26.26 -26.45 -26.10 -26.83 -26.93 -26.66 -26.49 -26.29 -26.22 -26.25 -26.19 -26.28 -26.03 -26.10 -26.25 -26.64 -26.66 -26.22 -26.04 -26.06 -25.93 -25.90 -25.83 -25.79 -25.81 -25.78 -25.57 -25.71 -25.78 -26.00 -26.16 -26.33 -26.49 -26.45 -26.26 -26.07 -25.72 -25.51 -25.18 -25.09
-30.99 -30.84 -30.75 -30.59 -30.44 -30.62 -30.79 -30.38 -29.40 -28.79 -28.43 -28.18 -28.19 -26.06 -26.53 -25.43 -25.21 -25.63 -25.92 -25.97 -26.46 -26.49 -26.33 -26.88 -26.92 -26.68 -26.97 -26.63 -26.49 -26.28 -26.19 -26.18 -26.18 -26.00 -26.39 -26.13 -26.25 -26.72 -26.75 -26.62 -26.26 -26.13 -26.09 -26.04 -25.94 -25.88 -26.00 -26.20 -25.64 -25.85 -25.78 -25.85 -25.96 -26.04 -26.24 -26.32 -26.20 -26.02 -25.89 -25.53 -25.28 -25.04 -25.02
-30.89 -30.91 -30.70 -30.63 -30.57 -30.86 -30.14 -29.49 -29.18 -28.85 -28.50 -28.15 -27.90 -26.89 -26.34 -25.79 -25.39 -25.09 -25.24 -26.05 -26.64 -27.40 -27.32 -27.36 -26.87 -26.93 -26.70 -26.40 -26.19 -26.17 -26.24 -26.26 -25.84 -26.35 -26.36 -26.36 -26.73 -27.11 -26.86 -26.60 -26.46 -26.27 -26.15 -26.05 -26.03 -26.16 -26.95 -27.12 -26.94 -27.07 -27.11 -26.44 -25.74 -25.87 -26.17 -26.06 -26.00 -25.85 -25.64 -25.33 -25.14 -24.91 -24.93
-30.92 -30.83 -30.79 -30.60 -30.82 -30.96 -30.22 -29.26 -29.04 -28.86 -28.47 -28.29 -27.89 -27.52 -26.96 -26.74 -25.77 -25.30 -25.64 -25.70 -26.62 -27.95 -27.68 -27.41 -27.10 -26.81 -26.54 -26.17 -26.10 -26.08 -26.12 -26.13 -26.13 -26.33 -26.20 -26.57 -27.05 -27.34 -26.94 -26.47 -25.93 -26.10 -26.30 -26.16 -26.36 -26.65 -27.31 -27.37 -27.58 -27.77 -27.87 -26.96 -25.82 -25.73 -26.15 -25.96 -25.78 -25.75 -25.49 -25.16 -24.93 -24.83 -24.86
-30.82 -30.80 -30.72 -30.59 -30.54 -30.75 -29.91 -29.07 -28.86 -28.67 -28.38 -28.26 -27.98 -27.72 -27.46 -27.24 -26.51 -26.73 -26.48 -26.70 -27.34 -28.05 -27.61 -27.27 -26.94 -26.57 -26.20 -26.01 -25.98 -26.03 -26.02 -26.12 -26.25 -26.25 -26.35 -26.76 -27.17 -27.44 -26.13 -25.35 -26.00 -26.05 -25.95 -26.26 -26.79 -27.09 -27.38 -27.55 -27.52 -27.61 -27.60 -27.47 -26.47 -26.03 -26.15 -25.83 -25.60 -25.68 -25.23 -25.02 -24.89 -24.82 -24.82
-30.81 -30.70 -30.59 -30.51 -30.46 -30.46 -30.40 -29.64 -28.76 -28.41 -28.31 -28.29 -28.28 -28.14 -27.75 -27.48 -27.30 -27.51 -27.36 -27.80 -28.24 -27.77 -27.37 -27.07 -26.69 -26.38 -26.07 -25.91 -25.81 -25.97 -26.04 -26.12 -26.24 -26.12 -26.31 -26.78 -27.10 -27.02 -27.06 -26.44 -25.69 -25.72 -25.85 -26.24 -26.81 -27.14 -27.51 -27.62 -27.58 -27.56 -27.51 -27.48 -27.34 -26.38 -26.58 -25.87 -26.12 -25.65 -25.03 -24.87 -24.78 -24.77 -24.85
-30.92 -30.87 -30.56 -30.38 -30.25 -30.22 -30.15 -29.86 -28.95 -28.40 -28.37 -28.37 -28.26 -28.14 -27.92 -27.70 -27.67 -27.65 -27.79 -27.97 -27.97 -27.65 -27.07 -26.79 -26.32 -26.06 -25.75 -25.85 -25.97 -25.94 -26.08 -26.18 -26.18 -26.15 -26.41 -26.62 -26.79 -26.83 -26.91 -27.04 -26.60 -25.84 -25.90 -26.00 -26.79 -27.25 -27.53 -27.55 -27.61 -27.64 -27.67 -27.87 -27.86 -26.99 -26.65 -26.35 -26.36 -25.83 -24.99 -24.77 -24.70 -24.79 -24.99
-31.04 -30.74 -30.51 -30.35 -30.12 -29.93 -29.86 -29.61 -29.29 -28.84 -28.63 -28.69 -28.36 -27.96 -27.80 -27.79 -27.66 -27.68 -27.63 -27.64 -27.56 -27.29 -26.72 -26.41 -26.23 -25.98 -25.81 -25.82 -25.99 -25.98 -26.04 -25.54 -26.02 -26.45 -26.53 -26.70 -26.79 -27.06 -27.17 -27.31 -27.04 -26.39 -26.13 -26.39 -26.73 -27.34 -27.50 -27.46 -27.68 -27.83 -28.06 -28.23 -27.00 -25.50 -26.60 -26.33 -26.16 -25.89 -25.29 -24.75 -24.71 -24.78 -24.79
-30.90 -30.68 -30.49 -30.21 -30.13 -29.93 -29.69 -29.53 -29.35 -29.07 -28.89 -28.67 -28.29 -28.01 -27.85 -27.85 -27.66 -27.58 -27.52 -27.43 -27.25 -27.09 -26.70 -26.80 -26.32 -26.01 -25.93 -25.84 -25.70 -25.90 -25.78 -25.30 -26.13 -26.47 -26.53 -26.77 -27.16 -27.38 -27.44 -27.60 -27.60 -26.58 -26.14 -26.47 -27.18 -27.56 -27.51 -27.56 -27.75 -27.73 -28.11 -27.54 -24.67 -22.76 -22.36 -24.38 -24.73 -25.66 -25.26 -24.80 -24.60 -24.75 -24.43
-30.98 -30.61 -30.35 -30.24 -30.17 -30.02 -29.85 -29.50 -29.27 -28.97 -28.71 -28.52 -28.31 -28.15 -28.02 -27.85 -27.62 -27.51 -27.43 -27.31 -27.14 -27.02 -26.99 -26.80 -26.20 -26.14 -26.24 -25.77 -25.73 -25.79 -25.78 -25.93 -26.44 -26.78 -26.89 -27.04 -27.40 -27.63 -27.79 -27.83 -27.87 -27.59 -26.60 -26.93 -27.85 -27.68 -27.62 -27.82 -27.82 -27.76 -27.91 -26.05 -23.57 -22.22 -22.27 -23.31 -23.64 -23.70 -24.00 -24.25 -23.43 -23.91 -24.57
-30.83 -30.70 -30.41 -30.30 -30.13 -30.02 -29.81 -29.60 -29.31 -29.00 -28.75 -28.55 -28.34 -28.17 -28.18 -27.90 -27.74 -27.58 -27.43 -27.29 -27.13 -26.98 -26.85 -26.65 -26.43 -26.47 -26.45 -26.01 -25.58 -25.52 -25.58 -26.41 -26.20 -26.19 -26.63 -27.48 -27.55 -27.89 -28.01 -27.99 -27.97 -28.08 -28.07 -27.76 -27.71 -27.57 -27.69 -27.90 -27.94 -27.79 -27.01 -24.26 -22.58 -21.87 -22.16 -22.59 -23.08 -23.38 -23.28 -23.41 -23.45 -23.46 -23.77
-30.84 -30.66 -30.41 -30.32 -30.20 -29.94 -29.75 -29.39 -29.15 -28.94 -28.79 -28.64 -28.44 -28.40 -28.08 -27.92 -27.76 -27.60 -27.45 -27.29 -27.12 -26.99 -26.81 -26.65 -26.48 -26.41 -26.37 -26.15 -26.10 -25.83 -26.13 -26.43 -26.22 -25.79 -25.82 -27.82 -27.88 -28.12 -28.24 -28.06 -27.87 -27.72 -27.69 -27.61 -27.45 -27.47 -27.73 -27.87 -27.80 -27.47 -26.00 -23.94 -21.99 -21.98 -22.32 -22.65 -22.87 -23.00 -23.00 -23.25 -23.42 -23.66 -99999.00
-30.80 -30.58 -30.44 -30.32 -30.18 -29.90 -29.56 -29.47 -29.19 -28.96 -28.83 -28.64 -28.47 -28.37 -28.12 -27.95 -27.76 -27.60 -27.43 -27.27 -27.14 -27.02 -26.74 -26.71 -26.50 -26.32 -26.32 -26.19 -25.84 -26.23 -26.67 -26.45 -26.17 -25.99 -26.53 -28.02 -28.00 -28.14 -28.25 -28.03 -27.77 -27.43 -27.33 -27.18 -27.19 -27.34 -27.54 -27.57 -27.43 -26.57 -24.58 -22.58 -21.71 -22.05 -22.42 -22.75 -22.82 -22.91 -23.08 -23.19 -23.46 -23.98 -99999.00
-30.75 -30.57 -30.40 -30.30 -30.10 -29.84 -29.45 -29.13 -29.08 -28.92 -28.82 -28.64 -28.59 -28.33 -28.13 -27.94 -27.76 -27.64 -27.49 -27.37 -27.19 -27.04 -26.90 -26.77 -26.57 -26.42 -26.29 -25.64 -25.34 -25.63 -26.00 -26.38 -26.28 -26.21 -27.52 -28.09 -28.29 -28.15 -28.18 -27.93 -27.62 -27.17 -27.01 -26.93 -27.02 -26.84 -27.21 -27.10 -26.86 -25.34 -23.95 -21.95 -21.82 -22.18 -22.48 -22.75 -22.85 -22.91 -23.06 -23.31 -23.77 -23.93 -99999.00
