Data/Map_files/20150707_Grafton_VLIZ.asc
ncols         512
nrows         384
xllcorner     487232.5
yllcorner     5695005.5
cellsize      0.5
nodata_value  -9999.0
[rows 240 to 269 of 384, columns 201 to 267 of 512]
-19.24 -19.258 -19.32 -19.407 -19.431 -19.41 -19.417 -19.415 -19.401 -19.365 -19.335 -19.323 -19.305 -19.309 -19.325 -19.331 -19.29 -19.251 -19.174 -19.257 -19.396 -19.514 -19.621 -19.681 -19.733 -19.777 -19.787 -19.8 -19.831 -19.868 -19.896 -19.923 -19.963 -19.965 -19.984 -19.979 -19.966 -19.977 -19.972 -19.975 -19.991 -19.917 -19.855 -19.825 -19.868 -19.935 -19.975 -19.988 -20.003 -19.994 -19.981 -19.938 -19.89 -19.889 -19.97 -20.027 -20.065 -20.054 -20.057 -20.065 -19.994 -19.901 -19.817 -19.777 -19.813 -19.864 -19.907
-19.268 -19.344 -19.359 -19.435 -19.46 -19.484 -19.468 -19.413 -19.409 -19.402 -19.34 -19.302 -19.323 -19.32 -19.365 -19.352 -19.316 -19.206 -19.183 -19.228 -19.335 -19.48 -19.552 -19.632 -19.69 -19.72 -19.744 -19.763 -19.811 -19.842 -19.853 -19.921 -19.964 -19.971 -19.993 -19.991 -19.961 -19.966 -19.981 -19.968 -19.936 -19.964 -19.874 -19.84 -19.84 -19.882 -19.955 -19.98 -19.982 -19.994 -19.963 -19.907 -19.892 -19.904 -19.979 -20.04 -20.036 -20.031 -20.036 -20.014 -19.999 -19.957 -19.835 -19.768 -19.816 -19.867 -19.911
-19.305 -19.36 -19.474 -19.488 -19.52 -19.497 -19.488 -19.445 -19.434 -19.415 -19.383 -19.297 -19.301 -19.339 -19.372 -19.358 -19.328 -19.216 -19.185 -19.216 -19.335 -19.449 -19.526 -19.581 -19.621 -19.66 -19.693 -19.749 -19.751 -19.791 -19.818 -19.87 -19.959 -19.983 -19.966 -19.96 -19.949 -19.965 -19.955 -19.974 -19.946 -19.954 -19.865 -19.875 -19.845 -19.876 -19.925 -19.96 -19.99 -19.994 -19.966 -19.916 -19.878 -19.908 -19.975 -20.018 -20.027 -20.056 -20.054 -20.003 -19.974 -19.891 -19.815 -19.77 -19.795 -19.861 -19.937
-19.339 -19.42 -19.509 -19.553 -19.531 -19.539 -19.505 -19.489 -19.459 -19.413 -19.383 -19.356 -19.299 -19.329 -19.34 -19.356 -19.304 -19.275 -19.202 -19.193 -19.272 -19.39 -19.466 -19.532 -19.573 -19.62 -19.663 -19.691 -19.747 -19.771 -19.806 -19.869 -19.917 -19.964 -19.953 -19.956 -19.933 -19.945 -19.946 -19.959 -19.96 -19.947 -19.926 -19.879 -19.836 -19.885 -19.913 -19.952 -19.986 -19.959 -19.982 -19.926 -19.888 -19.901 -19.966 -19.991 -20.027 -20.032 -20.048 -20.014 -19.99 -19.905 -19.825 -19.773 -19.799 -19.86 -19.94
-19.408 -19.475 -19.531 -19.582 -19.593 -19.577 -19.513 -19.478 -19.519 -19.453 -19.428 -19.36 -19.321 -19.331 -19.339 -19.35 -19.309 -19.349 -19.246 -19.17 -19.249 -19.338 -19.436 -19.496 -19.544 -19.578 -19.604 -19.661 -19.683 -19.75 -19.818 -19.852 -19.9 -19.939 -19.933 -19.953 -19.913 -19.912 -19.921 -19.937 -19.958 -19.959 -19.956 -19.885 -19.859 -19.86 -19.908 -19.959 -19.957 -19.976 -19.948 -19.914 -19.88 -19.899 -19.976 -19.99 -19.987 -20.006 -20.022 -20.027 -19.989 -19.936 -19.827 -19.763 -19.785 -19.856 -19.904
-19.51 -19.584 -19.634 -19.594 -19.631 -19.659 -19.663 -19.643 -19.593 -19.598 -19.538 -19.489 -19.394 -19.369 -19.395 -19.429 -19.417 -19.413 -19.398 -19.31 -19.249 -19.305 -19.363 -19.426 -19.488 -19.535 -19.584 -19.626 -19.667 -19.709 -19.776 -19.831 -19.865 -19.903 -19.914 -19.909 -19.931 -19.916 -19.916 -19.918 -19.942 -19.925 -19.986 -19.961 -19.882 -19.843 -19.884 -19.922 -19.961 -19.974 -19.957 -19.918 -19.899 -19.891 -19.939 -19.983 -20.01 -20.001 -20.02 -20 -19.987 -19.926 -19.846 -19.745 -19.752 -19.811 -19.867
-19.587 -19.683 -19.704 -19.709 -19.707 -19.698 -19.679 -19.655 -19.638 -19.598 -19.55 -19.526 -19.47 -19.391 -19.371 -19.395 -19.436 -19.434 -19.435 -19.417 -19.377 -19.339 -19.373 -19.42 -19.468 -19.511 -19.55 -19.601 -19.651 -19.694 -19.735 -19.794 -19.871 -19.898 -19.894 -19.886 -19.875 -19.887 -19.874 -19.888 -19.939 -19.949 -19.95 -19.927 -19.902 -19.877 -19.862 -19.901 -19.933 -19.976 -19.98 -19.967 -19.898 -19.875 -19.929 -19.97 -20.008 -20.043 -20.034 -20.029 -19.983 -19.992 -19.821 -19.765 -19.727 -19.775 -19.827
-19.647 -19.712 -19.739 -19.745 -19.742 -19.727 -19.702 -19.665 -19.651 -19.632 -19.582 -19.561 -19.497 -19.437 -19.402 -19.392 -19.426 -19.485 -19.516 -19.533 -19.529 -19.513 -19.429 -19.425 -19.448 -19.501 -19.547 -19.62 -19.668 -19.68 -19.741 -19.802 -19.854 -19.89 -19.929 -19.93 -19.906 -19.871 -19.854 -19.903 -19.935 -19.954 -19.951 -19.955 -19.929 -19.901 -19.876 -19.892 -19.937 -19.947 -19.974 -19.967 -19.922 -19.906 -19.915 -19.97 -19.984 -20.035 -20.01 -20.038 -20.032 -19.993 -19.939 -19.792 -19.761 -19.753 -19.789
-19.68 -19.748 -19.761 -19.76 -19.74 -19.731 -19.716 -19.689 -19.664 -19.636 -19.602 -19.565 -19.516 -19.476 -19.42 -19.413 -19.453 -19.525 -19.613 -19.663 -19.688 -19.673 -19.628 -19.53 -19.45 -19.471 -19.503 -19.572 -19.636 -19.693 -19.757 -19.826 -19.893 -19.937 -19.973 -19.991 -19.997 -19.958 -19.882 -19.907 -19.962 -20.005 -20.04 -20.06 -20.055 -20.042 -19.956 -19.932 -19.963 -20 -20.002 -20.014 -19.991 -19.936 -19.953 -19.979 -19.999 -20.006 -20.025 -20.037 -20.046 -20.054 -20.006 -20.041 -19.858 -19.769 -19.756
-19.718 -19.761 -19.77 -19.776 -19.773 -19.751 -19.72 -19.687 -19.682 -19.64 -19.615 -19.592 -19.54 -19.477 -19.452 -19.429 -19.485 -19.583 -19.681 -19.755 -19.791 -19.798 -19.773 -19.699 -19.622 -19.476 -19.478 -19.526 -19.601 -19.672 -19.741 -19.805 -19.864 -19.919 -19.964 -19.974 -19.995 -19.982 -19.923 -19.882 -19.923 -19.991 -20.042 -20.068 -20.073 -20.072 -19.999 -19.952 -19.977 -20.046 -20.096 -20.109 -20.104 -20.063 -20.068 -20.053 -20.104 -20.101 -20.124 -20.139 -20.194 -20.164 -20.129 -20.063 -19.973 -19.89 -19.778
-19.737 -19.786 -19.792 -19.79 -19.782 -19.772 -19.738 -19.707 -19.664 -19.663 -19.613 -19.59 -19.551 -19.517 -19.449 -19.446 -19.555 -19.659 -19.75 -19.811 -19.845 -19.854 -19.848 -19.819 -19.747 -19.612 -19.495 -19.486 -19.549 -19.63 -19.727 -19.786 -19.852 -19.9 -19.948 -19.971 -19.969 -19.958 -19.883 -19.883 -19.916 -19.984 -20.028 -20.06 -20.087 -20.079 -20.045 -19.971 -19.973 -20.033 -20.077 -20.123 -20.136 -20.123 -20.124 -20.135 -20.172 -20.158 -20.176 -20.213 -20.222 -20.171 -20.135 -20.116 -20.071 -19.996 -19.86
-19.761 -19.789 -19.797 -19.803 -19.799 -19.791 -19.754 -19.721 -19.68 -19.642 -19.614 -19.585 -19.546 -19.502 -19.451 -19.475 -19.612 -19.71 -19.783 -19.82 -19.86 -19.866 -19.875 -19.864 -19.833 -19.752 -19.577 -19.466 -19.525 -19.575 -19.702 -19.77 -19.841 -19.908 -19.945 -19.969 -19.952 -19.913 -19.875 -19.875 -19.919 -19.972 -20.013 -20.06 -20.091 -20.097 -20.067 -19.997 -19.964 -20.014 -20.062 -20.1 -20.132 -20.138 -20.15 -20.144 -20.136 -20.124 -20.187 -20.24 -20.218 -20.227 -20.174 -20.155 -20.116 -20.088 -19.988
-19.766 -19.787 -19.806 -19.822 -19.813 -19.8 -19.769 -19.732 -19.709 -19.67 -19.641 -19.582 -19.54 -19.476 -19.445 -19.515 -19.63 -19.74 -19.798 -19.839 -19.857 -19.873 -19.88 -19.868 -19.864 -19.812 -19.69 -19.534 -19.482 -19.556 -19.638 -19.757 -19.826 -19.892 -19.905 -19.886 -19.87 -19.887 -19.857 -19.882 -19.91 -19.975 -20.024 -20.054 -20.075 -20.102 -20.079 -20.017 -19.962 -19.982 -20.026 -20.073 -20.089 -20.122 -20.16 -20.188 -20.144 -20.127 -20.182 -20.227 -20.213 -20.212 -20.194 -20.177 -20.14 -20.103 -20.085
-19.77 -19.818 -19.817 -19.826 -19.845 -19.818 -19.811 -19.768 -19.724 -19.7 -19.637 -19.591 -19.53 -19.454 -19.444 -19.544 -19.652 -19.737 -19.804 -19.833 -19.858 -19.871 -19.872 -19.872 -19.881 -19.841 -19.767 -19.625 -19.51 -19.513 -19.624 -19.7 -19.773 -19.836 -19.799 -19.762 -19.753 -19.832 -19.851 -19.861 -19.888 -19.954 -20.013 -20.052 -20.069 -20.09 -20.098 -20.047 -19.974 -19.965 -19.985 -20.015 -20.026 -20.066 -20.141 -20.163 -20.147 -20.119 -20.159 -20.2 -20.219 -20.182 -20.186 -20.185 -20.147 -20.127 -9999.0
-19.782 -19.827 -19.844 -19.858 -19.844 -19.833 -19.813 -19.795 -19.754 -19.711 -19.664 -19.614 -19.547 -19.439 -19.439 -19.542 -19.66 -19.732 -19.797 -19.828 -19.855 -19.866 -19.871 -19.858 -19.876 -19.861 -19.804 -19.693 -19.545 -19.525 -19.578 -19.661 -19.75 -19.769 -19.74 -19.695 -19.658 -19.908 -19.887 -19.841 -19.872 -19.923 -19.98 -20.016 -20.064 -20.076 -20.085 -20.076 -20.027 -19.963 -19.979 -20.008 -20.098 -20.192 -20.226 -20.166 -20.141 -20.13 -20.152 -20.198 -20.198 -20.208 -20.185 -20.179 -20.174 -20.123 -9999.0
-19.774 -19.824 -19.838 -19.873 -19.862 -19.856 -19.832 -19.805 -19.771 -19.725 -19.686 -19.641 -19.555 -19.437 -19.449 -19.537 -19.65 -19.735 -19.8 -19.816 -19.848 -19.865 -19.861 -19.856 -19.865 -19.87 -19.829 -19.745 -19.594 -19.499 -19.528 -19.627 -19.709 -19.719 -19.717 -19.727 -19.765 -19.978 -19.982 -19.86 -19.852 -19.92 -19.945 -19.985 -20.009 -20.055 -20.071 -20.062 -20.06 -20.052 -20.062 -20.088 -20.172 -20.225 -20.222 -20.172 -20.133 -20.134 -20.139 -20.158 -20.194 -20.196 -20.185 -20.177 -20.167 -9999.0 -9999.0
-19.782 -19.845 -19.865 -19.861 -19.863 -19.86 -19.85 -19.827 -19.783 -19.767 -19.723 -19.666 -19.557 -19.444 -19.448 -19.536 -19.647 -19.716 -19.779 -19.815 -19.836 -19.853 -19.851 -19.848 -19.862 -19.869 -19.843 -19.785 -19.673 -19.544 -19.507 -19.589 -19.633 -19.683 -19.711 -19.895 -19.965 -19.983 -19.97 -19.884 -19.825 -19.893 -19.936 -19.975 -19.991 -20.016 -20.051 -20.059 -20.07 -20.101 -20.141 -20.175 -20.219 -20.232 -20.203 -20.17 -20.118 -20.091 -20.124 -20.141 -20.147 -20.172 -20.179 -20.173 -9999.0 -9999.0 -9999.0
-19.808 -19.855 -19.864 -19.87 -19.878 -19.875 -19.858 -19.845 -19.811 -19.771 -19.737 -19.685 -19.593 -19.469 -19.444 -19.529 -19.627 -19.709 -19.774 -19.822 -19.838 -19.859 -19.854 -19.855 -19.873 -19.873 -19.863 -19.813 -19.73 -19.614 -19.516 -19.538 -19.582 -19.658 -19.791 -19.956 -19.964 -19.965 -19.947 -19.872 -19.824 -19.856 -19.904 -19.955 -19.992 -20.009 -20.016 -20.048 -20.078 -20.126 -20.164 -20.198 -20.203 -20.193 -20.179 -20.174 -20.101 -20.071 -20.054 -20.06 -20.062 -20.126 -20.187 -9999.0 -9999.0 -9999.0 -9999.0
-19.811 -19.847 -19.879 -19.888 -19.884 -19.886 -19.882 -19.862 -19.836 -19.799 -19.763 -19.711 -19.614 -19.464 -19.429 -19.506 -19.597 -19.686 -19.733 -19.805 -19.84 -19.854 -19.861 -19.869 -19.876 -19.881 -19.857 -19.833 -19.792 -19.709 -19.589 -19.55 -19.568 -19.653 -19.815 -19.94 -19.938 -19.954 -19.956 -19.919 -19.804 -19.826 -19.874 -19.908 -19.971 -19.988 -20.004 -20.035 -20.095 -20.128 -20.172 -20.151 -20.169 -20.184 -20.17 -20.155 -20.132 -20.069 -20.078 -20.036 -20.081 -20.129 -9999.0 -9999.0 -9999.0 -9999.0 -9999.0
-19.81 -19.866 -19.883 -19.894 -19.908 -19.903 -19.9 -19.889 -19.86 -19.817 -19.789 -19.709 -19.634 -19.458 -19.433 -19.516 -19.586 -19.68 -19.725 -19.796 -19.828 -19.847 -19.855 -19.861 -19.876 -19.888 -19.877 -19.857 -19.806 -19.751 -19.622 -19.56 -19.582 -19.688 -19.826 -19.887 -19.931 -19.985 -19.995 -19.981 -19.899 -19.842 -19.838 -19.872 -19.909 -19.961 -19.98 -20.032 -20.092 -20.136 -20.151 -20.109 -20.094 -20.154 -20.176 -20.183 -20.173 -20.186 -20.158 -20.16 -20.106 -9999.0 -9999.0 -9999.0 -9999.0 -9999.0 -9999.0
-19.813 -19.87 -19.902 -19.904 -19.9 -19.908 -19.902 -19.893 -19.878 -19.851 -19.803 -19.751 -19.663 -19.488 -19.417 -19.484 -19.576 -19.662 -19.716 -19.769 -19.814 -19.832 -19.857 -19.867 -19.877 -19.89 -19.88 -19.867 -19.823 -19.778 -19.664 -19.535 -19.57 -19.697 -19.796 -19.877 -19.932 -19.987 -20.013 -19.999 -19.97 -19.915 -19.829 -19.831 -19.859 -19.911 -19.965 -20.026 -20.078 -20.129 -20.103 -20.067 -20.111 -20.112 -20.173 -20.205 -20.189 -20.209 -20.223 -20.208 -9999.0 -9999.0 -9999.0 -9999.0 -9999.0 -9999.0 -9999.0
-19.819 -19.868 -19.905 -19.92 -19.919 -19.923 -19.903 -19.903 -19.876 -19.856 -19.815 -19.78 -19.695 -19.51 -19.41 -19.467 -19.548 -19.638 -19.702 -19.76 -19.803 -19.816 -19.836 -19.842 -19.859 -19.889 -19.882 -19.862 -19.845 -19.803 -19.664 -19.532 -19.567 -19.675 -19.782 -19.868 -19.935 -19.982 -20.014 -20.009 -20.01 -19.994 -19.924 -19.833 -19.826 -19.834 -19.92 -20 -20.043 -20.068 -20.082 -20.063 -20.133 -20.136 -20.147 -20.209 -20.227 -20.223 -20.216 -20.257 -9999.0 -9999.0 -9999.0 -9999.0 -9999.0 -9999.0 -9999.0
-19.824 -19.87 -19.896 -19.916 -19.918 -19.924 -19.914 -19.906 -19.889 -19.866 -19.831 -19.786 -19.703 -19.583 -19.426 -19.448 -19.523 -19.623 -19.684 -19.747 -19.776 -19.804 -19.806 -19.827 -19.856 -19.88 -19.889 -19.879 -19.866 -19.823 -19.696 -19.522 -19.548 -19.644 -19.747 -19.83 -19.911 -19.964 -19.992 -20.02 -20.039 -20.018 -19.999 -19.953 -19.829 -19.817 -19.862 -19.932 -19.992 -20.027 -20.043 -20.086 -20.108 -20.131 -20.143 -20.167 -20.206 -20.216 -20.24 -9999.0 -9999.0 -9999.0 -9999.0 -9999.0 -9999.0 -9999.0 -9999.0
-19.833 -19.883 -19.911 -19.92 -19.918 -19.929 -19.926 -19.914 -19.897 -19.889 -19.855 -19.805 -19.735 -19.626 -19.45 -19.419 -19.478 -19.583 -19.665 -19.727 -19.772 -19.792 -19.815 -19.826 -19.855 -19.882 -19.896 -19.894 -19.902 -19.859 -19.722 -19.55 -19.54 -19.622 -19.72 -19.808 -19.86 -19.932 -19.975 -20.009 -20.034 -20.046 -20.033 -20.007 -19.909 -19.816 -19.842 -19.864 -19.93 -19.968 -20.006 -20.057 -20.097 -20.113 -20.124 -20.128 -20.15 -20.202 -9999.0 -9999.0 -9999.0 -9999.0 -9999.0 -9999.0 -9999.0 -9999.0 -9999.0
-19.848 -19.898 -19.916 -19.938 -19.918 -19.92 -19.925 -19.92 -19.917 -19.893 -19.87 -19.823 -19.753 -19.682 -19.522 -19.429 -19.471 -19.54 -19.648 -19.713 -19.765 -19.787 -19.809 -19.805 -19.837 -19.873 -19.904 -19.914 -19.913 -19.897 -19.772 -19.557 -19.509 -19.56 -19.683 -19.777 -19.858 -19.912 -19.963 -19.989 -20.025 -20.048 -20.082 -20.031 -19.99 -19.866 -19.824 -19.818 -19.87 -19.927 -19.958 -20.029 -20.059 -20.106 -20.099 -20.119 -9999.0 -9999.0 -9999.0 -9999.0 -9999.0 -9999.0 -9999.0 -9999.0 -9999.0 -9999.0 -9999.0
-19.861 -19.883 -19.907 -19.935 -19.937 -19.929 -19.918 -19.926 -19.924 -19.905 -19.88 -19.838 -19.789 -19.715 -19.593 -19.418 -19.461 -19.541 -19.606 -19.691 -19.74 -19.779 -19.802 -19.82 -19.842 -19.857 -19.897 -19.92 -19.914 -19.89 -19.797 -19.639 -19.515 -19.556 -19.64 -19.737 -19.819 -19.893 -19.925 -19.979 -20.012 -20.041 -20.079 -20.081 -20.008 -19.982 -19.884 -19.795 -19.812 -19.839 -19.927 -19.989 -20.036 -20.063 -20.1 -20.089 -9999.0 -9999.0 -9999.0 -9999.0 -9999.0 -9999.0 -9999.0 -9999.0 -9999.0 -9999.0 -9999.0
-19.855 -19.889 -19.91 -19.929 -19.925 -19.927 -19.929 -19.923 -19.917 -19.908 -19.892 -19.85 -19.804 -19.733 -19.652 -19.483 -19.44 -19.482 -19.587 -19.658 -19.725 -19.778 -19.807 -19.817 -19.841 -19.849 -19.875 -19.901 -19.916 -19.899 -19.822 -19.698 -19.53 -19.541 -19.614 -19.705 -19.799 -19.851 -19.922 -19.965 -20.002 -20.039 -20.069 -20.076 -20.072 -20.024 -19.95 -19.845 -19.779 -19.809 -19.859 -19.961 -20.002 -20.046 -20.062 -9999.0 -9999.0 -9999.0 -9999.0 -9999.0 -9999.0 -9999.0 -9999.0 -9999.0 -9999.0 -9999.0 -9999.0
-19.84 -19.901 -19.915 -19.929 -19.926 -19.931 -19.927 -19.925 -19.916 -19.901 -19.886 -19.871 -19.829 -19.762 -19.69 -19.547 -19.422 -19.477 -19.555 -19.646 -19.704 -19.759 -19.796 -19.824 -19.837 -19.86 -19.875 -19.883 -19.909 -19.896 -19.833 -19.73 -19.59 -19.517 -19.582 -19.686 -19.772 -19.838 -19.903 -19.961 -19.995 -20.03 -20.053 -20.073 -20.056 -20.039 -19.993 -19.921 -19.824 -19.785 -19.817 -19.882 -19.973 -20.008 -9999.0 -9999.0 -9999.0 -9999.0 -9999.0 -9999.0 -9999.0 -9999.0 -9999.0 -9999.0 -9999.0 -9999.0 -9999.0
-19.834 -19.884 -19.908 -19.922 -19.921 -19.923 -19.922 -19.923 -19.911 -19.895 -19.891 -19.874 -19.844 -19.795 -19.728 -19.622 -19.465 -19.462 -19.519 -19.615 -19.696 -19.744 -19.8 -19.828 -19.839 -19.862 -19.88 -19.879 -19.903 -19.899 -19.84 -19.764 -19.616 -19.51 -19.558 -19.665 -19.741 -19.812 -19.884 -19.931 -19.985 -20.006 -20.036 -20.048 -20.055 -20.049 -20.044 -19.999 -19.862 -19.778 -19.79 -19.839 -19.935 -9999.0 -9999.0 -9999.0 -9999.0 -9999.0 -9999.0 -9999.0 -9999.0 -9999.0 -9999.0 -9999.0 -9999.0 -9999.0 -9999.0
-19.807 -19.865 -19.901 -19.905 -19.915 -19.913 -19.905 -19.919 -19.906 -19.889 -19.886 -19.877 -19.859 -19.816 -19.763 -19.677 -19.508 -19.456 -19.502 -19.589 -19.681 -19.754 -19.784 -19.817 -19.844 -19.865 -19.879 -19.901 -19.889 -19.89 -19.854 -19.79 -19.684 -19.496 -19.523 -19.621 -19.736 -19.798 -19.853 -19.909 -19.965 -19.993 -20.015 -20.029 -20.037 -20.058 -20.06 -20.026 -19.95 -19.806 -19.785 -19.846 -9999.0 -9999.0 -9999.0 -9999.0 -9999.0 -9999.0 -9999.0 -9999.0 -9999.0 -9999.0 -9999.0 -9999.0 -9999.0 -9999.0 -9999.0
