Data/Map_files/20150707_Grafton_VLIZ.asc
ncols         512
nrows         384
xllcorner     487232.5
yllcorner     5695005.5
cellsize      0.5
nodata_value  -9999.0
[rows 270 to 299 of 384, columns 201 to 267 of 512]
-19.799 -19.845 -19.883 -19.896 -19.903 -19.906 -19.909 -19.922 -19.914 -19.902 -19.894 -19.877 -19.847 -19.827 -19.786 -19.731 -19.599 -19.448 -19.475 -19.571 -19.663 -19.732 -19.79 -19.813 -19.838 -19.859 -19.886 -19.9 -19.911 -19.88 -19.86 -19.801 -19.71 -19.566 -19.506 -19.585 -19.687 -19.78 -19.837 -19.898 -19.95 -19.986 -20.005 -20.006 -20.017 -20.045 -20.058 -20.042 -19.997 -19.896 -9999.0 -9999.0 -9999.0 -9999.0 -9999.0 -9999.0 -9999.0 -9999.0 -9999.0 -9999.0 -9999.0 -9999.0 -9999.0 -9999.0 -9999.0 -9999.0 -9999.0
-19.787 -19.824 -19.858 -19.875 -19.895 -19.896 -19.91 -19.908 -19.909 -19.906 -19.889 -19.884 -19.867 -19.825 -19.802 -19.764 -19.651 -19.499 -19.475 -19.552 -19.649 -19.729 -19.798 -19.826 -19.834 -19.853 -19.866 -19.898 -19.892 -19.879 -19.858 -19.816 -19.722 -19.568 -19.523 -19.556 -19.654 -19.755 -19.831 -19.873 -19.923 -19.971 -20.002 -20.003 -20.015 -20.001 -20.056 -20.046 -20.017 -19.971 -9999.0 -9999.0 -9999.0 -9999.0 -9999.0 -9999.0 -9999.0 -9999.0 -9999.0 -9999.0 -9999.0 -9999.0 -9999.0 -9999.0 -9999.0 -9999.0 -9999.0
-19.767 -19.801 -19.839 -19.852 -19.887 -19.899 -19.899 -19.908 -19.903 -19.904 -19.905 -19.891 -19.874 -19.852 -19.83 -19.772 -19.711 -19.557 -19.501 -19.54 -19.637 -19.727 -19.796 -19.824 -19.835 -19.833 -19.854 -19.881 -19.887 -19.869 -19.862 -19.822 -19.747 -19.624 -19.505 -19.559 -19.616 -19.71 -19.812 -19.855 -19.911 -19.947 -19.994 -20.013 -20.008 -20.004 -20.021 -20.051 -20.04 -20.038 -9999.0 -9999.0 -9999.0 -9999.0 -9999.0 -9999.0 -9999.0 -9999.0 -9999.0 -9999.0 -9999.0 -9999.0 -9999.0 -9999.0 -9999.0 -9999.0 -9999.0
-19.732 -19.78 -19.819 -19.843 -19.864 -19.883 -19.888 -19.89 -19.904 -19.905 -19.892 -19.885 -19.878 -19.857 -19.837 -19.802 -19.733 -19.612 -19.492 -19.529 -19.611 -19.722 -19.762 -19.8 -19.829 -19.838 -19.838 -19.866 -19.883 -19.879 -19.873 -19.842 -19.772 -19.654 -19.506 -19.525 -19.615 -19.69 -19.768 -19.853 -19.906 -19.945 -19.978 -19.996 -20.019 -20.012 -20.009 -20.045 -9999.0 -9999.0 -9999.0 -9999.0 -9999.0 -9999.0 -9999.0 -9999.0 -9999.0 -9999.0 -9999.0 -9999.0 -9999.0 -9999.0 -9999.0 -9999.0 -9999.0 -9999.0 -9999.0
-19.714 -19.764 -19.783 -19.826 -19.85 -19.873 -19.88 -19.898 -19.901 -19.893 -19.887 -19.873 -19.873 -19.867 -19.851 -19.818 -19.761 -19.641 -19.494 -19.511 -19.588 -19.674 -19.75 -19.772 -19.799 -19.824 -19.836 -19.841 -19.865 -19.883 -19.874 -19.849 -19.801 -19.72 -19.556 -19.517 -19.57 -19.677 -19.751 -19.827 -19.874 -19.909 -19.955 -19.977 -19.991 -20.01 -20.014 -9999.0 -9999.0 -9999.0 -9999.0 -9999.0 -9999.0 -9999.0 -9999.0 -9999.0 -9999.0 -9999.0 -9999.0 -9999.0 -9999.0 -9999.0 -9999.0 -9999.0 -9999.0 -9999.0 -9999.0
-19.693 -19.722 -19.777 -19.809 -19.823 -19.854 -19.878 -19.881 -19.887 -19.886 -19.881 -19.87 -19.881 -19.878 -19.868 -19.843 -19.781 -19.694 -19.525 -19.497 -19.551 -19.629 -19.733 -19.769 -19.78 -19.804 -19.822 -19.841 -19.845 -19.862 -19.877 -19.86 -19.819 -19.744 -19.612 -19.504 -19.525 -19.633 -19.723 -19.799 -19.85 -19.888 -19.932 -19.966 -19.969 -20.024 -9999.0 -9999.0 -9999.0 -9999.0 -9999.0 -9999.0 -9999.0 -9999.0 -9999.0 -9999.0 -9999.0 -9999.0 -9999.0 -9999.0 -9999.0 -9999.0 -9999.0 -9999.0 -9999.0 -9999.0 -9999.0
-19.653 -19.703 -19.754 -19.793 -19.823 -19.842 -19.853 -19.873 -19.873 -19.894 -19.883 -19.878 -19.878 -19.867 -19.861 -19.858 -19.821 -19.725 -19.564 -19.473 -19.518 -19.602 -19.681 -19.742 -19.782 -19.789 -19.814 -19.841 -19.858 -19.844 -19.849 -19.851 -19.825 -19.756 -19.679 -19.546 -19.504 -19.586 -19.693 -19.773 -19.835 -19.876 -19.913 -19.944 -19.96 -9999.0 -9999.0 -9999.0 -9999.0 -9999.0 -9999.0 -9999.0 -9999.0 -9999.0 -9999.0 -9999.0 -9999.0 -9999.0 -9999.0 -9999.0 -9999.0 -9999.0 -9999.0 -9999.0 -9999.0 -9999.0 -9999.0
-19.618 -19.684 -19.727 -19.776 -19.809 -19.826 -19.837 -19.86 -19.874 -19.88 -19.885 -19.879 -19.873 -19.875 -19.864 -19.852 -19.835 -19.768 -19.629 -19.463 -19.498 -19.565 -19.637 -19.699 -19.75 -19.783 -19.802 -19.828 -19.843 -19.843 -19.827 -19.823 -19.834 -19.783 -19.701 -19.595 -19.482 -19.549 -19.652 -19.747 -19.819 -19.866 -19.891 -19.932 -9999.0 -9999.0 -9999.0 -9999.0 -9999.0 -9999.0 -9999.0 -9999.0 -9999.0 -9999.0 -9999.0 -9999.0 -9999.0 -9999.0 -9999.0 -9999.0 -9999.0 -9999.0 -9999.0 -9999.0 -9999.0 -9999.0 -9999.0
-19.59 -19.653 -19.713 -19.75 -19.804 -19.82 -19.844 -19.852 -19.86 -19.866 -19.863 -19.874 -19.876 -19.881 -19.876 -19.864 -19.844 -19.795 -19.689 -19.567 -19.474 -19.522 -19.6 -19.678 -19.705 -19.77 -19.781 -19.795 -19.827 -19.841 -19.831 -19.81 -19.813 -19.802 -19.755 -19.655 -19.514 -19.514 -19.6 -19.704 -19.793 -19.834 -19.863 -9999.0 -9999.0 -9999.0 -9999.0 -9999.0 -9999.0 -9999.0 -9999.0 -9999.0 -9999.0 -9999.0 -9999.0 -9999.0 -9999.0 -9999.0 -9999.0 -9999.0 -9999.0 -9999.0 -9999.0 -9999.0 -9999.0 -9999.0 -9999.0
-19.539 -19.637 -19.678 -19.727 -19.776 -19.81 -19.833 -19.854 -19.859 -19.86 -19.866 -19.865 -19.882 -19.891 -19.878 -19.875 -19.872 -19.848 -19.784 -19.676 -19.504 -19.471 -19.534 -19.623 -19.671 -19.709 -19.761 -19.784 -19.811 -19.819 -19.835 -19.816 -19.79 -19.784 -19.773 -19.721 -19.578 -19.506 -19.567 -19.655 -19.747 -19.813 -19.829 -9999.0 -9999.0 -9999.0 -9999.0 -9999.0 -9999.0 -9999.0 -9999.0 -9999.0 -9999.0 -9999.0 -9999.0 -9999.0 -9999.0 -9999.0 -9999.0 -9999.0 -9999.0 -9999.0 -9999.0 -9999.0 -9999.0 -9999.0 -9999.0
-19.501 -19.583 -19.646 -19.708 -19.764 -19.802 -19.828 -19.842 -19.859 -19.849 -19.859 -19.871 -19.875 -19.887 -19.885 -19.872 -19.876 -19.875 -19.813 -19.752 -19.644 -19.522 -19.49 -19.551 -19.639 -19.673 -19.722 -19.764 -19.788 -19.801 -19.815 -19.813 -19.778 -19.786 -19.755 -19.748 -19.673 -19.549 -19.536 -19.608 -19.703 -19.767 -9999.0 -9999.0 -9999.0 -9999.0 -9999.0 -9999.0 -9999.0 -9999.0 -9999.0 -9999.0 -9999.0 -9999.0 -9999.0 -9999.0 -9999.0 -9999.0 -9999.0 -9999.0 -9999.0 -9999.0 -9999.0 -9999.0 -9999.0 -9999.0 -9999.0
-19.475 -19.536 -19.613 -19.69 -19.757 -19.797 -19.832 -19.854 -19.85 -19.852 -19.847 -19.862 -19.884 -19.878 -19.885 -19.883 -19.881 -19.881 -19.853 -19.799 -19.75 -19.658 -19.506 -19.498 -19.566 -19.644 -19.683 -19.722 -19.757 -19.774 -19.795 -19.805 -19.8 -19.782 -19.789 -19.762 -19.706 -19.649 -19.56 -19.575 -19.643 -9999.0 -9999.0 -9999.0 -9999.0 -9999.0 -9999.0 -9999.0 -9999.0 -9999.0 -9999.0 -9999.0 -9999.0 -9999.0 -9999.0 -9999.0 -9999.0 -9999.0 -9999.0 -9999.0 -9999.0 -9999.0 -9999.0 -9999.0 -9999.0 -9999.0 -9999.0
-19.471 -19.516 -19.589 -19.684 -19.748 -19.788 -19.831 -19.843 -19.854 -19.855 -19.862 -19.87 -19.866 -19.884 -19.879 -19.883 -19.885 -19.89 -19.87 -19.84 -19.788 -19.749 -19.641 -19.52 -19.525 -19.581 -19.643 -19.69 -19.731 -19.753 -19.768 -19.784 -19.798 -19.804 -19.775 -19.772 -19.781 -19.713 -19.623 -19.585 -9999.0 -9999.0 -9999.0 -9999.0 -9999.0 -9999.0 -9999.0 -9999.0 -9999.0 -9999.0 -9999.0 -9999.0 -9999.0 -9999.0 -9999.0 -9999.0 -9999.0 -9999.0 -9999.0 -9999.0 -9999.0 -9999.0 -9999.0 -9999.0 -9999.0 -9999.0 -9999.0
-19.512 -19.478 -19.557 -19.636 -19.722 -19.786 -19.829 -19.84 -19.847 -19.848 -19.852 -19.861 -19.867 -19.878 -19.882 -19.879 -19.887 -19.894 -19.882 -19.868 -19.853 -19.808 -19.766 -19.65 -19.562 -19.543 -19.596 -19.66 -19.687 -19.728 -19.735 -19.764 -19.787 -19.806 -19.808 -19.791 -19.805 -19.778 -19.693 -9999.0 -9999.0 -9999.0 -9999.0 -9999.0 -9999.0 -9999.0 -9999.0 -9999.0 -9999.0 -9999.0 -9999.0 -9999.0 -9999.0 -9999.0 -9999.0 -9999.0 -9999.0 -9999.0 -9999.0 -9999.0 -9999.0 -9999.0 -9999.0 -9999.0 -9999.0 -9999.0 -9999.0
-19.628 -19.504 -19.523 -19.621 -19.69 -19.768 -19.816 -19.826 -19.833 -19.835 -19.841 -19.847 -19.865 -19.886 -19.878 -19.874 -19.886 -19.888 -19.868 -19.876 -19.881 -19.867 -19.818 -19.769 -19.681 -19.556 -19.559 -19.613 -19.65 -19.684 -19.713 -19.751 -19.778 -19.794 -19.809 -19.822 -19.82 -19.817 -19.819 -9999.0 -9999.0 -9999.0 -9999.0 -9999.0 -9999.0 -9999.0 -9999.0 -9999.0 -9999.0 -9999.0 -9999.0 -9999.0 -9999.0 -9999.0 -9999.0 -9999.0 -9999.0 -9999.0 -9999.0 -9999.0 -9999.0 -9999.0 -9999.0 -9999.0 -9999.0 -9999.0 -9999.0
-19.726 -19.564 -19.53 -19.576 -19.66 -19.748 -19.797 -19.808 -19.814 -19.819 -19.821 -19.828 -19.847 -19.851 -19.871 -19.862 -19.872 -19.872 -19.863 -19.873 -19.88 -19.875 -19.875 -19.845 -19.795 -19.716 -19.61 -19.589 -19.604 -19.632 -19.666 -19.708 -19.766 -19.789 -19.806 -19.831 -19.849 -19.858 -19.855 -9999.0 -9999.0 -9999.0 -9999.0 -9999.0 -9999.0 -9999.0 -9999.0 -9999.0 -9999.0 -9999.0 -9999.0 -9999.0 -9999.0 -9999.0 -9999.0 -9999.0 -9999.0 -9999.0 -9999.0 -9999.0 -9999.0 -9999.0 -9999.0 -9999.0 -9999.0 -9999.0 -9999.0
-19.745 -19.647 -19.549 -19.553 -19.636 -19.721 -19.775 -19.79 -19.79 -19.8 -19.799 -19.801 -19.822 -19.838 -19.833 -19.853 -19.85 -19.844 -19.851 -19.861 -19.879 -19.865 -19.884 -19.89 -19.87 -19.814 -19.741 -19.615 -19.59 -19.594 -19.621 -19.663 -19.746 -19.76 -19.814 -19.825 -19.854 -19.886 -9999.0 -9999.0 -9999.0 -9999.0 -9999.0 -9999.0 -9999.0 -9999.0 -9999.0 -9999.0 -9999.0 -9999.0 -9999.0 -9999.0 -9999.0 -9999.0 -9999.0 -9999.0 -9999.0 -9999.0 -9999.0 -9999.0 -9999.0 -9999.0 -9999.0 -9999.0 -9999.0 -9999.0 -9999.0
-19.782 -19.712 -19.603 -19.537 -19.605 -19.693 -19.739 -19.763 -19.774 -19.766 -19.764 -19.778 -19.783 -19.804 -19.818 -19.813 -19.834 -19.838 -19.841 -19.847 -19.856 -19.866 -19.874 -19.904 -19.908 -19.883 -19.835 -19.755 -19.599 -19.579 -19.572 -19.627 -19.68 -19.736 -19.78 -19.839 -19.848 -9999.0 -9999.0 -9999.0 -9999.0 -9999.0 -9999.0 -9999.0 -9999.0 -9999.0 -9999.0 -9999.0 -9999.0 -9999.0 -9999.0 -9999.0 -9999.0 -9999.0 -9999.0 -9999.0 -9999.0 -9999.0 -9999.0 -9999.0 -9999.0 -9999.0 -9999.0 -9999.0 -9999.0 -9999.0 -9999.0
-19.806 -19.761 -19.671 -19.571 -19.6 -19.666 -19.725 -19.742 -19.743 -19.729 -19.731 -19.725 -19.759 -19.757 -19.784 -19.8 -19.797 -19.817 -19.838 -19.84 -19.846 -19.849 -19.875 -19.898 -19.906 -19.905 -19.888 -19.832 -19.743 -19.612 -19.569 -19.588 -19.636 -19.683 -19.751 -19.811 -9999.0 -9999.0 -9999.0 -9999.0 -9999.0 -9999.0 -9999.0 -9999.0 -9999.0 -9999.0 -9999.0 -9999.0 -9999.0 -9999.0 -9999.0 -9999.0 -9999.0 -9999.0 -9999.0 -9999.0 -9999.0 -9999.0 -9999.0 -9999.0 -9999.0 -9999.0 -9999.0 -9999.0 -9999.0 -9999.0 -9999.0
-19.79 -19.765 -19.733 -19.669 -19.616 -19.656 -19.71 -19.724 -19.724 -19.7 -19.702 -19.712 -19.727 -19.736 -19.748 -19.755 -19.777 -19.79 -19.802 -19.839 -19.842 -19.852 -19.851 -19.893 -19.896 -19.911 -19.909 -19.89 -19.812 -19.715 -19.579 -19.561 -19.586 -19.646 -9999.0 -9999.0 -9999.0 -9999.0 -9999.0 -9999.0 -9999.0 -9999.0 -9999.0 -9999.0 -9999.0 -9999.0 -9999.0 -9999.0 -9999.0 -9999.0 -9999.0 -9999.0 -9999.0 -9999.0 -9999.0 -9999.0 -9999.0 -9999.0 -9999.0 -9999.0 -9999.0 -9999.0 -9999.0 -9999.0 -9999.0 -9999.0 -9999.0
-19.789 -19.756 -19.74 -19.769 -19.743 -19.714 -19.747 -19.744 -19.721 -19.697 -19.694 -19.682 -19.674 -19.692 -19.719 -19.722 -19.743 -19.775 -19.779 -19.81 -19.832 -19.85 -19.841 -19.858 -19.887 -19.907 -19.912 -19.909 -19.891 -19.802 -19.656 -19.547 -19.551 -9999.0 -9999.0 -9999.0 -9999.0 -9999.0 -9999.0 -9999.0 -9999.0 -9999.0 -9999.0 -9999.0 -9999.0 -9999.0 -9999.0 -9999.0 -9999.0 -9999.0 -9999.0 -9999.0 -9999.0 -9999.0 -9999.0 -9999.0 -9999.0 -9999.0 -9999.0 -9999.0 -9999.0 -9999.0 -9999.0 -9999.0 -9999.0 -9999.0 -9999.0
-19.804 -19.755 -19.757 -19.843 -19.914 -19.944 -19.938 -19.941 -19.92 -19.861 -19.796 -19.702 -19.638 -19.647 -19.661 -19.696 -19.7 -19.723 -19.762 -19.77 -19.797 -19.824 -19.824 -19.844 -19.86 -19.885 -19.906 -19.894 -19.898 -19.862 -19.754 -19.608 -9999.0 -9999.0 -9999.0 -9999.0 -9999.0 -9999.0 -9999.0 -9999.0 -9999.0 -9999.0 -9999.0 -9999.0 -9999.0 -9999.0 -9999.0 -9999.0 -9999.0 -9999.0 -9999.0 -9999.0 -9999.0 -9999.0 -9999.0 -9999.0 -9999.0 -9999.0 -9999.0 -9999.0 -9999.0 -9999.0 -9999.0 -9999.0 -9999.0 -9999.0 -9999.0
-19.814 -19.759 -19.786 -19.916 -19.994 -20.038 -20.055 -20.051 -20.048 -20.031 -19.988 -19.892 -19.756 -19.666 -19.629 -19.638 -19.675 -19.689 -19.715 -19.749 -19.769 -19.789 -19.822 -19.829 -19.848 -19.867 -19.901 -19.924 -19.893 -19.874 -19.802 -19.712 -9999.0 -9999.0 -9999.0 -9999.0 -9999.0 -9999.0 -9999.0 -9999.0 -9999.0 -9999.0 -9999.0 -9999.0 -9999.0 -9999.0 -9999.0 -9999.0 -9999.0 -9999.0 -9999.0 -9999.0 -9999.0 -9999.0 -9999.0 -9999.0 -9999.0 -9999.0 -9999.0 -9999.0 -9999.0 -9999.0 -9999.0 -9999.0 -9999.0 -9999.0 -9999.0
-19.834 -19.764 -19.802 -19.941 -20.023 -20.053 -20.066 -20.069 -20.058 -20.048 -20.043 -19.987 -19.896 -19.782 -19.672 -19.616 -19.617 -19.649 -19.676 -19.719 -19.755 -19.78 -19.803 -19.827 -19.85 -19.854 -19.879 -19.916 -19.91 -19.895 -19.831 -19.781 -9999.0 -9999.0 -9999.0 -9999.0 -9999.0 -9999.0 -9999.0 -9999.0 -9999.0 -9999.0 -9999.0 -9999.0 -9999.0 -9999.0 -9999.0 -9999.0 -9999.0 -9999.0 -9999.0 -9999.0 -9999.0 -9999.0 -9999.0 -9999.0 -9999.0 -9999.0 -9999.0 -9999.0 -9999.0 -9999.0 -9999.0 -9999.0 -9999.0 -9999.0 -9999.0
-19.821 -19.771 -19.841 -19.957 -20.028 -20.055 -20.057 -20.063 -20.058 -20.047 -20.047 -20.021 -19.988 -19.887 -19.774 -19.62 -19.603 -19.614 -19.629 -19.661 -19.717 -19.742 -19.782 -19.802 -19.827 -19.859 -19.874 -19.905 -19.913 -19.91 -19.87 -9999.0 -9999.0 -9999.0 -9999.0 -9999.0 -9999.0 -9999.0 -9999.0 -9999.0 -9999.0 -9999.0 -9999.0 -9999.0 -9999.0 -9999.0 -9999.0 -9999.0 -9999.0 -9999.0 -9999.0 -9999.0 -9999.0 -9999.0 -9999.0 -9999.0 -9999.0 -9999.0 -9999.0 -9999.0 -9999.0 -9999.0 -9999.0 -9999.0 -9999.0 -9999.0 -9999.0
-19.815 -19.779 -19.887 -19.965 -20.012 -20.05 -20.055 -20.061 -20.058 -20.06 -20.04 -20.024 -19.99 -19.95 -19.858 -19.752 -19.598 -19.593 -19.593 -19.646 -19.671 -19.698 -19.748 -19.795 -19.815 -19.844 -19.875 -19.898 -19.899 -19.913 -19.913 -9999.0 -9999.0 -9999.0 -9999.0 -9999.0 -9999.0 -9999.0 -9999.0 -9999.0 -9999.0 -9999.0 -9999.0 -9999.0 -9999.0 -9999.0 -9999.0 -9999.0 -9999.0 -9999.0 -9999.0 -9999.0 -9999.0 -9999.0 -9999.0 -9999.0 -9999.0 -9999.0 -9999.0 -9999.0 -9999.0 -9999.0 -9999.0 -9999.0 -9999.0 -9999.0 -9999.0
-19.804 -19.787 -19.875 -19.965 -20.009 -20.029 -20.039 -20.048 -20.059 -20.061 -20.053 -20.025 -20.002 -19.972 -19.933 -19.859 -19.728 -19.583 -19.574 -19.6 -19.637 -19.694 -19.72 -19.761 -19.808 -19.821 -19.856 -19.879 -19.894 -19.908 -9999.0 -9999.0 -9999.0 -9999.0 -9999.0 -9999.0 -9999.0 -9999.0 -9999.0 -9999.0 -9999.0 -9999.0 -9999.0 -9999.0 -9999.0 -9999.0 -9999.0 -9999.0 -9999.0 -9999.0 -9999.0 -9999.0 -9999.0 -9999.0 -9999.0 -9999.0 -9999.0 -9999.0 -9999.0 -9999.0 -9999.0 -9999.0 -9999.0 -9999.0 -9999.0 -9999.0 -9999.0
-19.771 -19.773 -19.887 -19.955 -19.997 -20.013 -20.041 -20.043 -20.044 -20.058 -20.06 -20.046 -20.012 -19.988 -19.945 -19.908 -19.831 -19.676 -19.543 -19.573 -19.595 -19.648 -19.693 -19.738 -19.777 -19.809 -19.83 -19.861 -19.877 -9999.0 -9999.0 -9999.0 -9999.0 -9999.0 -9999.0 -9999.0 -9999.0 -9999.0 -9999.0 -9999.0 -9999.0 -9999.0 -9999.0 -9999.0 -9999.0 -9999.0 -9999.0 -9999.0 -9999.0 -9999.0 -9999.0 -9999.0 -9999.0 -9999.0 -9999.0 -9999.0 -9999.0 -9999.0 -9999.0 -9999.0 -9999.0 -9999.0 -9999.0 -9999.0 -9999.0 -9999.0 -9999.0
-19.724 -19.768 -19.873 -19.959 -19.983 -20.005 -20.026 -20.043 -20.052 -20.043 -20.048 -20.043 -20.032 -20.009 -19.97 -19.935 -19.872 -19.789 -19.612 -19.525 -19.574 -19.61 -19.663 -19.712 -19.75 -19.804 -19.844 -19.851 -9999.0 -9999.0 -9999.0 -9999.0 -9999.0 -9999.0 -9999.0 -9999.0 -9999.0 -9999.0 -9999.0 -9999.0 -9999.0 -9999.0 -9999.0 -9999.0 -9999.0 -9999.0 -9999.0 -9999.0 -9999.0 -9999.0 -9999.0 -9999.0 -9999.0 -9999.0 -9999.0 -9999.0 -9999.0 -9999.0 -9999.0 -9999.0 -9999.0 -9999.0 -9999.0 -9999.0 -9999.0 -9999.0 -9999.0
-19.696 -19.769 -19.844 -19.925 -19.988 -20.005 -20.012 -20.037 -20.056 -20.054 -20.043 -20.03 -20.029 -20.017 -19.991 -19.959 -19.903 -19.836 -19.756 -19.573 -19.52 -19.568 -19.644 -19.696 -19.758 -19.778 -19.838 -19.89 -9999.0 -9999.0 -9999.0 -9999.0 -9999.0 -9999.0 -9999.0 -9999.0 -9999.0 -9999.0 -9999.0 -9999.0 -9999.0 -9999.0 -9999.0 -9999.0 -9999.0 -9999.0 -9999.0 -9999.0 -9999.0 -9999.0 -9999.0 -9999.0 -9999.0 -9999.0 -9999.0 -9999.0 -9999.0 -9999.0 -9999.0 -9999.0 -9999.0 -9999.0 -9999.0 -9999.0 -9999.0 -9999.0 -9999.0
