Data/Map_files/20150707_Grafton_VLIZ.asc
ncols         512
nrows         384
xllcorner     487232.5
yllcorner     5695005.5
cellsize      0.5
nodata_value  -9999.0
[rows 150 to 179 of 384, columns 201 to 267 of 512]
-19.687 -19.689 -19.791 -19.831 -19.905 -19.945 -19.961 -19.992 -20.013 -20.027 -19.998 -19.973 -19.949 -20.019 -20.035 -20.052 -20.075 -20.079 -20.12 -20.126 -20.151 -20.151 -20.154 -20.174 -20.208 -20.209 -20.233 -20.231 -20.234 -20.239 -20.243 -20.259 -20.256 -20.257 -20.263 -20.273 -20.249 -20.218 -20.206 -20.193 -20.178 -20.146 -20.094 -20.032 -19.944 -19.838 -19.699 -19.579 -19.51 -19.544 -19.57 -19.607 -19.695 -19.732 -19.774 -19.801 -19.824 -19.84 -19.859 -19.878 -19.88 -19.928 -19.923 -19.942 -19.963 -19.972 -19.992
-19.74 -19.693 -19.687 -19.76 -19.842 -19.9 -19.942 -19.981 -19.952 -19.981 -19.974 -19.968 -19.987 -19.978 -20.021 -20.062 -20.076 -20.091 -20.08 -20.133 -20.13 -20.148 -20.143 -20.149 -20.16 -20.195 -20.219 -20.226 -20.227 -20.237 -20.243 -20.246 -20.251 -20.261 -20.255 -20.266 -20.26 -20.262 -20.26 -20.245 -20.204 -20.187 -20.158 -20.105 -20.016 -19.913 -19.773 -19.657 -19.538 -19.511 -19.574 -19.605 -19.644 -19.688 -19.739 -19.778 -19.794 -19.819 -19.826 -19.857 -19.865 -19.892 -19.888 -19.899 -19.914 -19.937 -19.952
-19.821 -19.746 -19.676 -19.726 -19.747 -19.844 -19.884 -19.917 -19.948 -19.907 -19.948 -19.944 -19.979 -20.003 -19.996 -20.031 -20.06 -20.091 -20.111 -20.088 -20.125 -20.148 -20.134 -20.132 -20.153 -20.168 -20.196 -20.212 -20.229 -20.221 -20.219 -20.233 -20.251 -20.257 -20.258 -20.263 -20.263 -20.267 -20.268 -20.247 -20.239 -20.207 -20.161 -20.132 -20.078 -20.017 -19.872 -19.712 -19.615 -19.488 -19.519 -19.568 -19.635 -19.674 -19.712 -19.722 -19.755 -19.769 -19.792 -19.788 -19.83 -19.83 -19.855 -19.867 -19.877 -19.898 -19.896
-19.881 -19.834 -19.751 -19.712 -19.703 -19.754 -19.799 -19.884 -19.899 -19.904 -19.896 -19.898 -19.926 -19.964 -19.994 -20.043 -20.022 -20.066 -20.093 -20.108 -20.116 -20.094 -20.121 -20.112 -20.126 -20.152 -20.176 -20.185 -20.203 -20.207 -20.218 -20.216 -20.236 -20.242 -20.263 -20.268 -20.267 -20.262 -20.251 -20.247 -20.237 -20.222 -20.198 -20.161 -20.121 -20.06 -19.944 -19.809 -19.653 -19.533 -19.473 -19.499 -19.585 -19.644 -19.695 -19.709 -19.702 -19.747 -19.757 -19.763 -19.78 -19.777 -19.8 -19.82 -19.819 -19.847 -19.848
-19.942 -19.906 -19.84 -19.76 -19.718 -19.702 -19.762 -19.798 -19.822 -19.877 -19.869 -19.884 -19.896 -19.914 -19.975 -20.007 -20.024 -20.032 -20.056 -20.1 -20.086 -20.089 -20.094 -20.089 -20.106 -20.144 -20.154 -20.167 -20.177 -20.183 -20.204 -20.213 -20.227 -20.225 -20.236 -20.252 -20.263 -20.261 -20.243 -20.222 -20.229 -20.23 -20.205 -20.176 -20.143 -20.067 -19.98 -19.888 -19.727 -19.566 -19.485 -19.497 -19.54 -19.587 -19.663 -19.685 -19.726 -19.693 -19.704 -19.723 -19.737 -19.752 -19.766 -19.77 -19.783 -19.792 -19.796
-19.973 -19.949 -19.902 -19.839 -19.791 -19.736 -19.707 -19.753 -19.783 -19.788 -19.823 -19.842 -19.858 -19.9 -19.904 -19.968 -20 -20.018 -20.02 -20.029 -20.073 -20.072 -20.084 -20.077 -20.075 -20.111 -20.121 -20.148 -20.16 -20.16 -20.17 -20.198 -20.214 -20.236 -20.235 -20.23 -20.249 -20.258 -20.247 -20.244 -20.223 -20.211 -20.204 -20.183 -20.138 -20.088 -20.002 -19.908 -19.787 -19.624 -19.478 -19.464 -19.511 -19.58 -19.615 -19.668 -19.677 -19.678 -19.659 -19.668 -19.683 -19.707 -19.706 -19.729 -19.721 -19.75 -19.762
-19.983 -19.998 -19.961 -19.932 -19.886 -19.821 -19.777 -19.739 -19.714 -19.739 -19.769 -19.792 -19.811 -19.837 -19.888 -19.922 -19.956 -20.008 -19.998 -20.016 -20.046 -20.049 -20.047 -20.079 -20.077 -20.056 -20.108 -20.116 -20.143 -20.138 -20.16 -20.177 -20.195 -20.209 -20.204 -20.211 -20.233 -20.241 -20.232 -20.213 -20.226 -20.222 -20.22 -20.199 -20.145 -20.095 -20.016 -19.912 -19.809 -19.627 -19.494 -19.424 -19.506 -19.55 -19.621 -19.657 -19.669 -19.654 -19.635 -19.638 -19.65 -19.631 -19.668 -19.681 -19.69 -19.688 -19.703
-19.969 -19.994 -20.009 -19.984 -19.961 -19.915 -19.874 -19.826 -19.76 -19.724 -19.7 -19.73 -19.785 -19.816 -19.826 -19.879 -19.926 -19.944 -19.986 -19.994 -20.02 -19.997 -20.043 -20.033 -20.064 -20.081 -20.074 -20.095 -20.117 -20.12 -20.127 -20.154 -20.174 -20.197 -20.205 -20.21 -20.211 -20.225 -20.235 -20.233 -20.232 -20.212 -20.21 -20.176 -20.146 -20.084 -20.004 -19.939 -19.82 -19.662 -19.521 -19.413 -19.475 -19.558 -19.612 -19.637 -19.643 -19.624 -19.637 -19.607 -19.62 -19.598 -19.597 -19.62 -19.64 -19.649 -19.653
-19.944 -19.966 -19.977 -19.997 -20.003 -19.999 -19.963 -19.923 -19.874 -19.814 -19.757 -19.71 -19.703 -19.751 -19.786 -19.837 -19.876 -19.907 -19.95 -19.953 -19.962 -19.998 -19.994 -19.985 -20.047 -20.061 -20.066 -20.072 -20.075 -20.091 -20.109 -20.143 -20.159 -20.177 -20.187 -20.198 -20.227 -20.223 -20.22 -20.237 -20.224 -20.215 -20.205 -20.166 -20.126 -20.065 -20.005 -19.931 -19.827 -19.67 -19.523 -19.418 -19.453 -19.54 -19.601 -19.647 -19.66 -19.659 -19.683 -19.662 -19.587 -19.549 -19.549 -19.579 -19.602 -19.624 -19.607
-19.912 -19.977 -19.987 -19.986 -20.004 -20.019 -20.022 -19.992 -19.959 -19.939 -19.86 -19.817 -19.751 -19.703 -19.736 -19.775 -19.83 -19.884 -19.887 -19.903 -19.943 -19.956 -19.962 -19.988 -19.988 -20.015 -20.053 -20.061 -20.062 -20.065 -20.084 -20.11 -20.145 -20.166 -20.175 -20.186 -20.19 -20.195 -20.214 -20.211 -20.211 -20.211 -20.192 -20.175 -20.132 -20.067 -20.004 -19.925 -19.824 -19.697 -19.526 -19.422 -19.483 -19.518 -19.595 -19.658 -19.703 -19.713 -19.684 -19.665 -19.625 -19.553 -19.523 -19.515 -19.551 -19.575 -19.579
-19.85 -19.915 -19.944 -20.011 -20.023 -20.037 -20.024 -20.046 -20.032 -19.983 -19.973 -19.918 -19.835 -19.784 -19.724 -19.734 -19.763 -19.793 -19.862 -19.884 -19.898 -19.916 -19.93 -19.958 -19.986 -20.003 -19.996 -20.018 -20.035 -20.044 -20.048 -20.078 -20.119 -20.144 -20.159 -20.16 -20.173 -20.2 -20.201 -20.2 -20.208 -20.198 -20.176 -20.151 -20.111 -20.07 -20.006 -19.922 -19.802 -19.675 -19.509 -19.409 -19.46 -19.543 -19.616 -19.638 -19.688 -19.702 -19.72 -19.689 -19.64 -19.601 -19.54 -19.513 -19.516 -19.531 -19.533
-19.81 -19.861 -19.918 -19.998 -20.03 -20.023 -20.045 -20.028 -20.052 -20.044 -20.027 -19.986 -19.948 -19.9 -19.818 -19.753 -19.744 -19.736 -19.761 -19.796 -19.835 -19.885 -19.872 -19.909 -19.95 -19.959 -19.982 -19.99 -20.003 -20.017 -20.036 -20.079 -20.109 -20.119 -20.131 -20.153 -20.16 -20.182 -20.182 -20.186 -20.184 -20.187 -20.181 -20.14 -20.1 -20.048 -19.987 -19.92 -19.812 -19.651 -19.472 -19.388 -19.431 -19.518 -19.561 -19.616 -19.627 -19.684 -19.69 -19.696 -19.663 -19.602 -19.546 -19.495 -19.526 -19.508 -19.497
-19.801 -19.841 -19.889 -19.899 -19.974 -20.007 -20.022 -20.025 -20.035 -20.043 -20.055 -20.046 -20.03 -19.992 -19.947 -19.889 -19.845 -19.772 -19.726 -19.739 -19.784 -19.798 -19.835 -19.873 -19.89 -19.908 -19.958 -19.964 -19.979 -19.963 -20.012 -20.047 -20.072 -20.079 -20.104 -20.129 -20.152 -20.163 -20.176 -20.162 -20.167 -20.16 -20.175 -20.137 -20.092 -20.042 -19.974 -19.887 -19.81 -19.662 -19.468 -19.369 -19.389 -19.453 -19.548 -19.59 -19.642 -19.661 -19.639 -19.66 -19.676 -19.634 -19.551 -19.479 -19.466 -19.49 -19.477
-19.714 -19.755 -19.816 -19.863 -19.921 -19.976 -20.008 -20.029 -20.041 -20.026 -20.042 -20.052 -20.062 -20.054 -20.022 -19.998 -19.948 -19.885 -19.832 -19.786 -19.732 -19.743 -19.776 -19.812 -19.853 -19.859 -19.9 -19.935 -19.946 -19.961 -19.981 -20.006 -20.05 -20.066 -20.09 -20.095 -20.112 -20.135 -20.144 -20.154 -20.155 -20.152 -20.148 -20.125 -20.076 -20.026 -19.97 -19.894 -19.77 -19.639 -19.48 -19.345 -19.371 -19.445 -19.478 -19.557 -19.583 -19.626 -19.635 -19.64 -19.641 -19.622 -19.555 -19.483 -19.455 -19.451 -19.453
-19.708 -19.707 -19.76 -19.827 -19.882 -19.941 -19.954 -20.007 -20.015 -20.041 -20.037 -20.044 -20.055 -20.06 -20.074 -20.057 -20.033 -20.008 -19.943 -19.89 -19.804 -19.77 -19.731 -19.736 -19.782 -19.815 -19.857 -19.847 -19.906 -19.94 -19.94 -19.987 -20.004 -20.048 -20.066 -20.084 -20.105 -20.107 -20.128 -20.134 -20.13 -20.131 -20.124 -20.094 -20.054 -19.994 -19.952 -19.875 -19.76 -19.621 -19.483 -19.318 -19.323 -19.421 -19.453 -19.498 -19.499 -19.557 -19.6 -19.641 -19.643 -19.598 -19.543 -19.475 -19.435 -19.442 -19.443
-19.668 -19.709 -19.715 -19.742 -19.82 -19.89 -19.925 -19.973 -20.005 -20.021 -20.03 -20.046 -20.047 -20.047 -20.063 -20.094 -20.098 -20.082 -20.043 -19.996 -19.934 -19.851 -19.788 -19.752 -19.712 -19.777 -19.808 -19.838 -19.849 -19.88 -19.916 -19.953 -19.997 -20.013 -20.03 -20.059 -20.086 -20.12 -20.12 -20.118 -20.116 -20.117 -20.09 -20.076 -20.031 -19.983 -19.897 -19.828 -19.748 -19.652 -19.472 -19.352 -19.299 -19.319 -19.422 -19.439 -19.494 -19.52 -19.554 -19.576 -19.587 -19.587 -19.506 -19.447 -19.412 -19.441 -19.44
-19.661 -19.685 -19.714 -19.753 -19.784 -19.831 -19.916 -19.932 -19.992 -20.007 -20.022 -20.032 -20.041 -20.053 -20.061 -20.084 -20.107 -20.118 -20.109 -20.083 -20.05 -19.993 -19.887 -19.795 -19.737 -19.695 -19.73 -19.799 -19.819 -19.857 -19.878 -19.935 -19.972 -20.008 -20.027 -20.04 -20.055 -20.073 -20.086 -20.109 -20.092 -20.085 -20.055 -20.031 -19.999 -19.93 -19.87 -19.793 -19.716 -19.62 -19.48 -19.36 -19.273 -19.323 -19.323 -19.393 -19.434 -19.502 -19.51 -19.525 -19.535 -19.552 -19.502 -19.42 -19.398 -19.387 -19.398
-19.76 -19.669 -19.702 -19.698 -19.75 -19.771 -19.797 -19.851 -19.929 -19.965 -20.013 -20.007 -20.032 -20.043 -20.065 -20.084 -20.091 -20.102 -20.132 -20.128 -20.106 -20.078 -19.999 -19.916 -19.793 -19.731 -19.699 -19.708 -19.755 -19.827 -19.864 -19.914 -19.941 -19.971 -19.998 -20.017 -20.035 -20.034 -20.059 -20.062 -20.081 -20.052 -20.04 -19.999 -19.971 -19.909 -19.83 -19.765 -19.692 -19.573 -19.454 -19.347 -19.252 -19.287 -19.33 -19.324 -19.376 -19.452 -19.483 -19.517 -19.529 -19.5 -19.479 -19.416 -19.373 -19.362 -19.334
-19.666 -19.701 -19.644 -19.651 -19.685 -19.715 -19.789 -19.807 -19.863 -19.935 -19.965 -20.004 -20.019 -20.034 -20.048 -20.086 -20.098 -20.106 -20.12 -20.145 -20.145 -20.121 -20.082 -20.024 -19.926 -19.793 -19.703 -19.683 -19.702 -19.752 -19.846 -19.869 -19.909 -19.939 -19.958 -20.002 -19.999 -20.031 -20.044 -20.027 -20.045 -20.043 -20.027 -19.977 -19.964 -19.929 -19.89 -19.799 -19.703 -19.601 -19.494 -19.362 -19.252 -19.221 -19.294 -19.357 -19.385 -19.433 -19.451 -19.484 -19.511 -19.505 -19.449 -19.398 -19.348 -19.302 -19.301
-19.688 -19.675 -19.647 -19.681 -19.636 -19.652 -19.725 -19.792 -19.818 -19.847 -19.877 -19.959 -19.984 -20.026 -20.053 -20.068 -20.082 -20.108 -20.114 -20.134 -20.14 -20.134 -20.128 -20.088 -19.998 -19.896 -19.799 -19.687 -19.687 -19.735 -19.774 -19.833 -19.892 -19.917 -19.951 -19.943 -19.992 -20.015 -20.01 -20.028 -20.025 -20.032 -20.027 -20.04 -20.029 -20.045 -19.969 -19.802 -19.714 -19.627 -19.516 -19.356 -19.258 -19.282 -19.295 -19.335 -19.354 -19.373 -19.425 -19.433 -19.454 -19.468 -19.434 -19.352 -19.291 -19.262 -19.236
-19.63 -19.643 -19.625 -19.68 -19.66 -19.68 -19.638 -19.707 -19.739 -19.806 -19.875 -19.892 -19.964 -19.995 -20.039 -20.055 -20.08 -20.097 -20.119 -20.128 -20.154 -20.152 -20.141 -20.136 -20.058 -19.974 -19.838 -19.721 -19.666 -19.703 -19.755 -19.773 -19.843 -19.913 -19.922 -19.954 -19.974 -19.992 -20.007 -20.034 -20.042 -20.066 -20.08 -20.124 -20.188 -20.189 -20.059 -19.845 -19.753 -19.646 -19.528 -19.386 -19.255 -19.241 -19.276 -19.297 -19.288 -19.343 -19.356 -19.39 -19.401 -19.405 -19.377 -19.321 -19.244 -19.183 -19.116
-19.599 -19.627 -19.605 -19.581 -19.628 -19.643 -19.704 -19.647 -19.712 -19.751 -19.798 -19.86 -19.93 -19.955 -20.004 -20.041 -20.063 -20.097 -20.098 -20.131 -20.149 -20.161 -20.155 -20.135 -20.126 -20.045 -19.931 -19.768 -19.684 -19.659 -19.723 -19.797 -19.843 -19.885 -19.911 -19.963 -19.988 -19.998 -20.032 -20.069 -20.118 -20.136 -20.185 -20.251 -20.262 -20.093 -20.044 -19.667 -19.671 -19.643 -19.49 -19.35 -19.252 -19.234 -19.267 -19.29 -19.311 -19.294 -19.299 -19.318 -19.348 -19.323 -19.234 -19.159 -19.083 -18.996 -19.025
-19.52 -19.565 -19.572 -19.616 -19.633 -19.6 -19.634 -19.651 -19.686 -19.684 -19.757 -19.77 -19.851 -19.917 -19.973 -20.002 -20.049 -20.068 -20.094 -20.104 -20.111 -20.14 -20.136 -20.142 -20.112 -20.069 -19.993 -19.838 -19.69 -19.651 -19.682 -19.769 -19.812 -19.867 -19.919 -19.936 -19.979 -20.016 -20.06 -20.115 -20.139 -20.164 -20.246 -20.305 -20.116 -19.87 -19.807 -19.602 -19.576 -19.61 -19.494 -19.326 -19.258 -19.228 -19.244 -19.249 -19.262 -19.257 -19.235 -19.224 -19.238 -19.176 -19.08 -18.973 -18.867 -18.924 -19.093
-19.498 -19.5 -19.499 -19.517 -19.589 -19.58 -19.552 -19.587 -19.623 -19.624 -19.694 -19.719 -19.778 -19.878 -19.93 -19.985 -20.007 -20.034 -20.086 -20.098 -20.102 -20.104 -20.114 -20.127 -20.125 -20.074 -19.992 -19.854 -19.699 -19.644 -19.674 -19.733 -19.798 -19.857 -19.914 -19.972 -20.003 -20.044 -20.073 -20.119 -20.15 -20.179 -20.259 -20.178 -19.81 -19.733 -19.403 -19.476 -19.538 -19.556 -19.438 -19.339 -19.273 -19.207 -19.225 -19.199 -19.204 -19.193 -19.201 -19.162 -19.055 -18.945 -18.866 -18.887 -18.908 -19.069 -19.087
-19.525 -19.507 -19.474 -19.463 -19.5 -19.539 -19.572 -19.565 -19.538 -19.625 -19.615 -19.68 -19.747 -19.797 -19.873 -19.959 -19.982 -20.017 -20.034 -20.063 -20.098 -20.085 -20.089 -20.098 -20.103 -20.067 -19.987 -19.876 -19.72 -19.636 -19.664 -19.731 -19.811 -19.859 -19.903 -19.971 -20.01 -20.036 -20.077 -20.086 -20.108 -20.168 -20.205 -19.952 -19.695 -19.562 -19.348 -19.332 -19.389 -19.486 -19.402 -19.354 -19.279 -19.21 -19.195 -19.159 -19.137 -19.104 -19.136 -19.096 -18.988 -18.878 -18.932 -18.978 -18.938 -19.131 -19.12
-19.637 -19.583 -19.525 -19.449 -19.45 -19.452 -19.492 -19.571 -19.556 -19.567 -19.544 -19.612 -19.644 -19.765 -19.795 -19.883 -19.948 -19.995 -20.025 -20.035 -20.053 -20.052 -20.063 -20.063 -20.053 -20.044 -19.981 -19.851 -19.689 -19.616 -19.639 -19.741 -19.803 -19.868 -19.918 -19.943 -19.969 -20.019 -20.039 -20.079 -20.116 -20.102 -20.032 -19.79 -19.49 -19.396 -19.258 -19.168 -19.306 -19.427 -19.411 -19.299 -19.278 -19.241 -19.198 -19.174 -19.124 -19.078 -19.079 -19.101 -19.066 -19.093 -19.056 -18.927 -18.74 -19.062 -18.979
-19.764 -19.687 -19.61 -19.538 -19.472 -19.432 -19.436 -19.491 -19.518 -19.548 -19.56 -19.535 -19.601 -19.688 -19.725 -19.816 -19.885 -19.961 -20.008 -20.011 -20.015 -20.032 -20.044 -20.044 -20.031 -19.997 -19.939 -19.841 -19.663 -19.606 -19.664 -19.712 -19.772 -19.826 -19.881 -19.922 -19.954 -19.981 -20 -20.028 -20.045 -19.966 -19.837 -19.529 -19.422 -19.272 -19.102 -19.162 -19.323 -19.391 -19.375 -19.357 -19.264 -19.205 -19.19 -19.172 -19.108 -19.133 -19.158 -19.163 -19.192 -19.156 -18.928 -18.622 -18.785 -18.551 -18.201
-19.82 -19.776 -19.733 -19.632 -19.539 -19.463 -19.445 -19.466 -19.46 -19.536 -19.506 -19.555 -19.544 -19.587 -19.724 -19.763 -19.84 -19.884 -19.942 -19.999 -20.025 -20.036 -20.026 -20.034 -20.021 -19.955 -19.899 -19.784 -19.644 -19.585 -19.623 -19.695 -19.74 -19.793 -19.838 -19.885 -19.91 -19.94 -19.966 -19.961 -19.928 -19.846 -19.62 -19.38 -19.288 -19.164 -18.961 -19.159 -19.297 -19.348 -19.326 -19.29 -19.244 -19.208 -19.215 -19.155 -19.129 -19.122 -19.191 -19.234 -19.206 -18.955 -18.697 -18.672 -18.591 -17.88 -17.985
-19.877 -19.85 -19.807 -19.728 -19.632 -19.548 -19.455 -19.403 -19.447 -19.444 -19.49 -19.544 -19.586 -19.567 -19.631 -19.68 -19.771 -19.84 -19.919 -19.97 -19.999 -20.021 -20.02 -19.995 -19.969 -19.936 -19.842 -19.708 -19.588 -19.526 -19.598 -19.66 -19.713 -19.764 -19.794 -19.829 -19.88 -19.91 -19.913 -19.88 -19.827 -19.644 -19.528 -19.261 -19.185 -19.012 -19.112 -19.21 -19.251 -19.302 -19.303 -19.246 -19.208 -19.198 -19.219 -19.159 -19.157 -19.192 -19.25 -19.243 -19.08 -18.876 -18.883 -18.729 -18.212 -18.005 -18.735
-19.879 -19.86 -19.856 -19.798 -19.723 -19.649 -19.546 -19.457 -19.388 -19.427 -19.464 -19.444 -19.51 -19.573 -19.595 -19.624 -19.693 -19.807 -19.844 -19.899 -19.944 -19.97 -19.961 -19.958 -19.927 -19.862 -19.786 -19.675 -19.544 -19.545 -19.577 -19.636 -19.692 -19.728 -19.762 -19.799 -19.816 -19.843 -19.84 -19.772 -19.702 -19.598 -19.218 -19.155 -19.077 -18.965 -19.114 -19.177 -19.213 -19.178 -19.134 -19.192 -19.195 -19.218 -19.192 -19.19 -19.187 -19.218 -19.282 -19.18 -19.013 -19.006 -19.029 -18.75 -18.647 -19.055 -19.159
