Data/Map_files/20150707_Grafton_VLIZ.asc
ncols         512
nrows         384
xllcorner     487232.5
yllcorner     5695005.5
cellsize      0.5
nodata_value  -9999.0
[rows 210 to 239 of 384, columns 268 to 334 of 512]
-19.87 -19.893 -19.913 -19.94 -19.946 -19.939 -19.93 -19.884 -19.878 -19.937 -19.999 -20.046 -20.06 -20.067 -20.066 -20.061 -20.034 -19.996 -19.95 -19.906 -19.863 -19.802 -19.741 -19.721 -19.669 -19.663 -19.643 -19.607 -19.562 -19.512 -19.465 -19.41 -19.456 -19.573 -19.632 -19.657 -19.659 -19.606 -19.506 -19.32 -19.175 -19.235 -19.352 -19.439 -19.518 -19.571 -19.656 -19.704 -19.778 -19.819 -19.856 -19.874 -19.887 -19.903 -19.897 -19.901 -19.884 -19.861 -19.793 -19.729 -19.56 -19.559 -19.615 -19.728 -19.734 -19.71 -19.699
-19.837 -19.878 -19.914 -19.945 -19.948 -19.932 -19.908 -19.882 -19.881 -19.937 -19.991 -20.03 -20.055 -20.07 -20.083 -20.062 -20.046 -20.026 -20.003 -19.951 -19.879 -19.815 -19.782 -19.734 -19.652 -19.626 -19.605 -19.57 -19.522 -19.441 -19.414 -19.416 -19.465 -19.587 -19.617 -19.631 -19.658 -19.592 -19.514 -19.374 -19.188 -19.189 -19.318 -19.381 -19.502 -19.576 -19.633 -19.678 -19.74 -19.795 -19.833 -19.863 -19.88 -19.89 -19.895 -19.901 -19.896 -19.879 -19.838 -19.727 -19.545 -19.538 -19.578 -19.647 -19.702 -19.704 -19.694
-19.82 -19.85 -19.898 -19.939 -19.955 -19.94 -19.915 -19.886 -19.873 -19.926 -19.984 -20.027 -20.054 -20.076 -20.084 -20.078 -20.052 -20.037 -20.022 -19.992 -19.951 -19.879 -19.818 -19.769 -19.696 -19.659 -19.597 -19.561 -19.473 -19.418 -19.368 -19.398 -19.462 -19.575 -19.626 -19.682 -19.652 -19.58 -19.491 -19.324 -19.205 -19.205 -19.265 -19.353 -19.463 -19.55 -19.619 -19.685 -19.747 -19.779 -19.811 -19.85 -19.865 -19.875 -19.892 -19.901 -19.893 -19.885 -19.857 -19.797 -19.649 -19.536 -19.565 -19.607 -19.656 -19.684 -19.705
-19.813 -19.86 -19.901 -19.949 -19.969 -19.94 -19.901 -19.874 -19.851 -19.916 -19.969 -20.015 -20.05 -20.071 -20.081 -20.084 -20.062 -20.048 -20.018 -20.007 -19.968 -19.939 -19.862 -19.802 -19.738 -19.693 -19.633 -19.575 -19.493 -19.382 -19.362 -19.388 -19.486 -19.605 -19.679 -19.668 -19.643 -19.606 -19.522 -19.388 -19.194 -19.178 -19.251 -19.339 -19.418 -19.508 -19.582 -19.655 -19.727 -19.764 -19.805 -19.83 -19.85 -19.86 -19.887 -19.891 -19.891 -19.883 -19.853 -19.805 -19.723 -19.565 -19.541 -19.545 -19.603 -19.662 -19.68
-19.788 -19.859 -19.922 -19.959 -19.97 -19.955 -19.896 -19.871 -19.85 -19.903 -19.958 -20.006 -20.038 -20.059 -20.077 -20.069 -20.084 -20.06 -20.037 -20.014 -19.989 -19.956 -19.907 -19.856 -19.804 -19.732 -19.693 -19.602 -19.515 -19.409 -19.339 -19.431 -19.616 -19.651 -19.665 -19.647 -19.628 -19.599 -19.545 -19.455 -19.241 -19.168 -19.198 -19.321 -19.416 -19.51 -19.568 -19.627 -19.694 -19.739 -19.792 -19.818 -19.847 -19.859 -19.866 -19.879 -19.885 -19.875 -19.848 -19.809 -19.758 -19.646 -19.502 -19.501 -19.544 -19.623 -19.666
-19.779 -19.861 -19.932 -19.965 -19.99 -19.958 -19.897 -19.856 -19.847 -19.889 -19.95 -19.99 -20.033 -20.053 -20.068 -20.063 -20.059 -20.058 -20.052 -20.02 -20.003 -19.973 -19.929 -19.879 -19.844 -19.804 -19.756 -19.681 -19.543 -19.455 -19.375 -19.516 -19.582 -19.627 -19.639 -19.643 -19.623 -19.581 -19.533 -19.425 -19.262 -19.158 -19.175 -19.263 -19.389 -19.504 -19.56 -19.628 -19.682 -19.725 -19.753 -19.794 -19.826 -19.85 -19.876 -19.87 -19.871 -19.859 -19.858 -19.83 -19.778 -19.696 -19.535 -19.48 -19.505 -19.558 -19.642
-19.763 -19.863 -19.919 -19.974 -19.985 -19.955 -19.877 -19.836 -19.818 -19.875 -19.94 -19.988 -20.027 -20.043 -20.053 -20.052 -20.056 -20.054 -20.044 -20.023 -20.011 -19.993 -19.942 -19.91 -19.87 -19.823 -19.794 -19.734 -19.595 -19.473 -19.421 -19.465 -19.548 -19.592 -19.622 -19.634 -19.619 -19.587 -19.542 -19.445 -19.276 -19.129 -19.165 -19.234 -19.351 -19.461 -19.537 -19.616 -19.657 -19.709 -19.754 -19.766 -19.81 -19.842 -19.854 -19.853 -19.856 -19.853 -19.854 -19.832 -19.811 -19.753 -19.669 -19.487 -19.493 -19.536 -19.583
-19.755 -19.872 -19.933 -19.967 -19.992 -19.967 -19.918 -19.818 -19.804 -19.865 -19.93 -19.979 -20.017 -20.027 -20.037 -20.053 -20.046 -20.027 -20.027 -20.033 -19.994 -19.975 -19.965 -19.917 -19.894 -19.878 -19.832 -19.761 -19.666 -19.493 -19.376 -19.419 -19.476 -19.56 -19.591 -19.598 -19.59 -19.559 -19.515 -19.436 -19.276 -19.151 -19.128 -19.211 -19.341 -19.438 -19.519 -19.572 -19.638 -19.684 -19.724 -19.758 -19.787 -19.823 -19.825 -19.849 -19.848 -19.847 -19.857 -19.829 -19.818 -19.765 -19.73 -19.611 -19.49 -19.488 -19.54
-19.773 -19.838 -19.945 -19.985 -19.999 -19.964 -19.876 -19.821 -19.794 -19.85 -19.916 -19.965 -19.999 -20.007 -20.017 -20.03 -20.041 -20.041 -20.024 -20.024 -20.024 -19.989 -19.968 -19.937 -19.917 -19.895 -19.85 -19.786 -19.694 -19.576 -19.399 -19.406 -19.458 -19.52 -19.566 -19.57 -19.563 -19.522 -19.495 -19.423 -19.327 -19.123 -19.112 -19.218 -19.319 -19.402 -19.483 -19.55 -19.601 -19.664 -19.703 -19.726 -19.769 -19.797 -19.816 -19.826 -19.826 -19.839 -19.847 -19.832 -19.828 -19.787 -19.727 -19.68 -19.521 -19.47 -19.491
-19.767 -19.851 -19.94 -19.998 -20.002 -19.975 -19.875 -19.796 -19.779 -19.821 -19.891 -19.946 -19.981 -19.991 -20.008 -20.008 -20.028 -20.024 -20.019 -20.03 -20.009 -19.992 -19.965 -19.94 -19.927 -19.892 -19.861 -19.799 -19.683 -19.584 -19.439 -19.359 -19.39 -19.453 -19.509 -19.528 -19.5 -19.477 -19.444 -19.416 -19.332 -19.15 -19.115 -19.186 -19.299 -19.416 -19.474 -19.511 -19.564 -19.63 -19.682 -19.705 -19.745 -19.769 -19.787 -19.806 -19.808 -19.819 -19.829 -19.831 -19.822 -19.79 -19.75 -19.704 -19.631 -19.481 -19.478
-19.762 -19.845 -19.938 -19.99 -20.019 -20.007 -19.91 -19.806 -19.741 -19.802 -19.871 -19.924 -19.958 -19.975 -19.995 -19.995 -19.986 -19.997 -20.002 -20.006 -19.986 -19.985 -19.959 -19.939 -19.943 -19.915 -19.869 -19.798 -19.71 -19.626 -19.489 -19.349 -19.363 -19.388 -19.437 -19.448 -19.446 -19.44 -19.409 -19.364 -19.26 -19.074 -19.088 -19.15 -19.27 -19.389 -19.441 -19.517 -19.561 -19.605 -19.636 -19.664 -19.722 -19.739 -19.77 -19.787 -19.792 -19.813 -19.832 -19.833 -19.828 -19.802 -19.753 -19.727 -19.672 -19.585 -19.471
-19.77 -19.844 -19.941 -19.991 -20.02 -19.982 -19.917 -19.83 -19.738 -19.771 -19.822 -19.902 -19.938 -19.952 -19.977 -19.981 -19.973 -19.985 -19.985 -19.992 -20.008 -19.973 -19.969 -19.949 -19.935 -19.913 -19.874 -19.778 -19.75 -19.669 -19.582 -19.438 -19.362 -19.337 -19.348 -19.377 -19.393 -19.383 -19.368 -19.314 -19.243 -19.08 -19.073 -19.153 -19.235 -19.332 -19.388 -19.466 -19.525 -19.573 -19.618 -19.662 -19.699 -19.707 -19.744 -19.764 -19.784 -19.802 -19.824 -19.833 -19.828 -19.813 -19.777 -19.747 -19.697 -19.642 -19.514
-19.762 -19.846 -19.945 -19.999 -20.022 -19.987 -19.908 -19.814 -19.737 -19.748 -19.81 -19.859 -19.897 -19.935 -19.945 -19.954 -19.967 -19.961 -19.961 -19.977 -19.98 -19.977 -19.968 -19.952 -19.934 -19.919 -19.832 -19.78 -19.747 -19.7 -19.638 -19.574 -19.447 -19.337 -19.321 -19.298 -19.308 -19.309 -19.287 -19.244 -19.166 -19.062 -19.053 -19.135 -19.249 -19.305 -19.381 -19.435 -19.489 -19.517 -19.582 -19.616 -19.667 -19.69 -19.721 -19.74 -19.768 -19.791 -19.801 -19.819 -19.812 -19.801 -19.783 -19.771 -19.742 -19.696 -19.605
-19.78 -19.843 -19.935 -20.006 -20.029 -20.007 -19.947 -19.818 -19.711 -19.724 -19.779 -19.827 -19.859 -19.9 -19.931 -19.935 -19.941 -19.948 -19.952 -19.953 -19.952 -19.951 -19.949 -19.942 -19.952 -19.876 -19.845 -19.817 -19.774 -19.731 -19.681 -19.637 -19.575 -19.497 -19.384 -19.31 -19.272 -19.258 -19.217 -19.166 -19.062 -19.013 -19.043 -19.096 -19.19 -19.274 -19.336 -19.409 -19.461 -19.503 -19.538 -19.592 -19.629 -19.664 -19.695 -19.726 -19.744 -19.775 -19.794 -19.816 -19.81 -19.796 -19.801 -19.793 -19.78 -19.736 -19.668
-19.778 -19.83 -19.923 -20.004 -20.032 -19.997 -19.934 -19.855 -19.738 -19.689 -19.739 -19.788 -19.83 -19.86 -19.894 -19.913 -19.921 -19.935 -19.939 -19.94 -19.946 -19.944 -19.949 -19.939 -19.893 -19.871 -19.844 -19.823 -19.793 -19.747 -19.699 -19.673 -19.631 -19.57 -19.534 -19.43 -19.393 -19.29 -19.222 -19.179 -19.009 -18.978 -19.016 -19.089 -19.141 -19.208 -19.295 -19.358 -19.429 -19.462 -19.513 -19.569 -19.604 -19.621 -19.659 -19.703 -19.721 -19.755 -19.779 -19.797 -19.794 -19.801 -19.808 -19.805 -19.796 -19.755 -19.714
-19.824 -19.84 -19.917 -19.999 -20.031 -20.021 -19.965 -19.842 -19.761 -19.686 -19.703 -19.735 -19.792 -19.843 -19.863 -19.889 -19.897 -19.91 -19.93 -19.922 -19.924 -19.932 -19.931 -19.905 -19.871 -19.864 -19.856 -19.831 -19.811 -19.767 -19.746 -19.702 -19.676 -19.639 -19.621 -19.556 -19.522 -19.481 -19.392 -19.315 -19.132 -19.033 -19.007 -19.035 -19.105 -19.188 -19.266 -19.336 -19.377 -19.427 -19.474 -19.541 -19.577 -19.606 -19.639 -19.67 -19.696 -19.737 -19.756 -19.786 -19.79 -19.8 -19.812 -19.822 -19.83 -19.798 -19.767
-19.845 -19.839 -19.934 -19.995 -20.026 -20.035 -19.999 -19.917 -19.78 -19.705 -19.656 -19.698 -19.732 -19.798 -19.829 -19.857 -19.878 -19.891 -19.904 -19.916 -19.912 -19.906 -19.885 -19.866 -19.851 -19.869 -19.853 -19.839 -19.806 -19.786 -19.763 -19.739 -19.71 -19.675 -19.636 -19.623 -19.608 -19.548 -19.496 -19.429 -19.324 -19.187 -19.048 -18.977 -19.037 -19.124 -19.21 -19.308 -19.358 -19.402 -19.447 -19.494 -19.537 -19.576 -19.625 -19.655 -19.687 -19.702 -19.745 -19.769 -19.778 -19.795 -19.822 -19.833 -19.831 -19.826 -19.796
-19.839 -19.853 -19.938 -19.99 -20.033 -20.033 -20.019 -19.974 -19.854 -19.744 -19.656 -19.649 -19.714 -19.756 -19.797 -19.827 -19.842 -19.849 -19.872 -19.889 -19.904 -19.9 -19.875 -19.86 -19.854 -19.853 -19.84 -19.847 -19.821 -19.794 -19.759 -19.759 -19.715 -19.675 -19.669 -19.651 -19.625 -19.596 -19.553 -19.493 -19.415 -19.313 -19.179 -18.96 -18.984 -19.062 -19.145 -19.254 -19.312 -19.381 -19.42 -19.472 -19.508 -19.544 -19.586 -19.624 -19.67 -19.696 -19.732 -19.754 -19.766 -19.784 -19.808 -19.834 -19.849 -19.849 -19.83
-19.879 -19.873 -19.958 -20.004 -20.024 -20.03 -20.014 -19.977 -19.946 -19.796 -19.671 -19.618 -19.672 -19.73 -19.771 -19.794 -19.8 -19.823 -19.847 -19.852 -19.87 -19.867 -19.866 -19.868 -19.864 -19.853 -19.842 -19.823 -19.811 -19.8 -19.767 -19.735 -19.724 -19.69 -19.673 -19.663 -19.635 -19.61 -19.57 -19.529 -19.46 -19.365 -19.292 -19.044 -19.002 -19.047 -19.124 -19.208 -19.268 -19.342 -19.397 -19.448 -19.49 -19.513 -19.563 -19.601 -19.634 -19.666 -19.71 -19.73 -19.757 -19.779 -19.798 -19.832 -19.854 -19.849 -19.847
-19.919 -19.899 -19.957 -20.001 -20.025 -20.028 -20.018 -19.98 -19.944 -19.81 -19.729 -19.63 -19.618 -19.68 -19.714 -19.758 -19.786 -19.786 -19.817 -19.828 -19.828 -19.847 -19.851 -19.852 -19.854 -19.843 -19.837 -19.826 -19.811 -19.795 -19.753 -19.732 -19.725 -19.715 -19.686 -19.662 -19.647 -19.616 -19.572 -19.514 -19.45 -19.359 -19.312 -19.208 -19.021 -18.998 -19.077 -19.18 -19.251 -19.301 -19.353 -19.404 -19.459 -19.495 -19.534 -19.575 -19.616 -19.649 -19.679 -19.712 -19.737 -19.78 -19.815 -19.828 -19.843 -19.861 -19.863
-19.932 -19.907 -19.944 -19.987 -20.036 -20.035 -20.022 -19.995 -19.947 -19.899 -19.749 -19.675 -19.618 -19.616 -19.674 -19.726 -19.75 -19.767 -19.769 -19.792 -19.797 -19.811 -19.833 -19.832 -19.844 -19.844 -19.829 -19.824 -19.799 -19.764 -19.746 -19.728 -19.71 -19.701 -19.689 -19.661 -19.636 -19.608 -19.563 -19.509 -19.451 -19.401 -19.316 -19.182 -19.044 -19.01 -19.032 -19.109 -19.192 -19.274 -19.321 -19.377 -19.424 -19.464 -19.5 -19.539 -19.581 -19.641 -19.667 -19.684 -19.714 -19.763 -19.795 -19.817 -19.832 -19.874 -19.858
-19.953 -19.938 -19.957 -20.01 -20.023 -20.021 -20.009 -19.997 -19.978 -19.888 -19.842 -19.712 -19.634 -19.592 -19.616 -19.672 -19.714 -19.728 -19.739 -19.759 -19.802 -19.798 -19.817 -19.82 -19.829 -19.848 -19.82 -19.803 -19.79 -19.745 -19.732 -19.714 -19.699 -19.697 -19.692 -19.65 -19.617 -19.573 -19.543 -19.507 -19.473 -19.422 -19.353 -19.26 -19.138 -19 -18.998 -19.054 -19.127 -19.218 -19.283 -19.341 -19.397 -19.425 -19.467 -19.502 -19.556 -19.605 -19.644 -19.669 -19.72 -19.74 -19.773 -19.808 -19.824 -19.853 -19.846
-19.933 -19.95 -19.971 -20.019 -20.041 -20.021 -20.036 -19.993 -19.98 -19.932 -19.884 -19.817 -19.703 -19.597 -19.591 -19.629 -19.666 -19.676 -19.717 -19.737 -19.76 -19.773 -19.805 -19.809 -19.815 -19.835 -19.817 -19.806 -19.776 -19.755 -19.721 -19.682 -19.697 -19.695 -19.682 -19.653 -19.616 -19.58 -19.54 -19.495 -19.446 -19.413 -19.373 -19.308 -19.227 -19.064 -19.04 -19.023 -19.08 -19.146 -19.235 -19.288 -19.357 -19.381 -19.44 -19.49 -19.532 -19.562 -19.613 -19.645 -19.683 -19.72 -19.76 -19.791 -19.805 -19.839 -19.837
-19.911 -19.942 -19.967 -20.016 -20.05 -20.05 -20.028 -20.017 -19.998 -19.951 -19.903 -19.83 -19.767 -19.666 -19.59 -19.58 -19.611 -19.64 -19.682 -19.709 -19.744 -19.754 -19.79 -19.807 -19.818 -19.835 -19.816 -19.808 -19.764 -19.723 -19.684 -19.669 -19.677 -19.679 -19.672 -19.655 -19.611 -19.588 -19.559 -19.504 -19.465 -19.419 -19.393 -19.333 -19.315 -19.237 -19.095 -19.023 -19.037 -19.102 -19.183 -19.241 -19.296 -19.348 -19.399 -19.46 -19.489 -19.54 -19.588 -19.603 -19.658 -19.71 -19.741 -19.761 -19.79 -19.818 -19.826
-19.908 -19.922 -19.961 -19.984 -20.044 -20.048 -20.047 -20.027 -20.009 -19.984 -19.921 -19.914 -19.866 -19.751 -19.601 -19.507 -19.552 -19.596 -19.671 -19.692 -19.73 -19.747 -19.773 -19.793 -19.811 -19.824 -19.809 -19.811 -19.772 -19.726 -19.682 -19.655 -19.664 -19.66 -19.65 -19.627 -19.612 -19.57 -19.551 -19.529 -19.482 -19.439 -19.4 -19.372 -19.323 -19.294 -19.221 -19.086 -19.017 -19.019 -19.12 -19.201 -19.257 -19.319 -19.337 -19.406 -19.444 -19.505 -19.547 -19.576 -19.641 -19.683 -19.703 -19.747 -19.765 -19.814 -19.813
-19.887 -19.901 -19.927 -19.975 -19.995 -20.04 -20.035 -20.027 -20.021 -19.982 -19.969 -19.912 -19.863 -19.803 -19.546 -19.452 -19.487 -19.547 -19.611 -19.663 -19.702 -19.718 -19.744 -19.765 -19.788 -19.815 -19.802 -19.785 -19.765 -19.728 -19.675 -19.613 -19.629 -19.636 -19.641 -19.618 -19.601 -19.569 -19.55 -19.508 -19.482 -19.436 -19.411 -19.397 -19.379 -19.325 -19.3 -19.206 -19.034 -19.007 -19.046 -19.118 -19.181 -19.255 -19.325 -19.375 -19.413 -19.446 -19.496 -19.537 -19.609 -19.661 -19.692 -19.724 -19.751 -19.786 -19.798
-19.87 -19.885 -19.909 -19.941 -19.983 -20.019 -20.024 -20.042 -20.016 -19.972 -19.941 -19.957 -19.895 -19.79 -19.551 -19.442 -19.455 -19.495 -19.555 -19.614 -19.655 -19.7 -19.72 -19.762 -19.773 -19.785 -19.781 -19.781 -19.755 -19.713 -19.642 -19.59 -19.598 -19.629 -19.627 -19.601 -19.588 -19.566 -19.546 -19.509 -19.482 -19.42 -19.4 -19.399 -19.403 -19.383 -19.376 -19.297 -19.23 -19.028 -19.039 -19.062 -19.099 -19.168 -19.251 -19.332 -19.374 -19.403 -19.464 -19.519 -19.555 -19.605 -19.647 -19.701 -19.721 -19.765 -19.8
-19.888 -19.866 -19.889 -19.912 -19.94 -19.981 -20.014 -20.033 -20.025 -19.996 -19.981 -19.944 -19.905 -19.756 -19.687 -19.613 -19.44 -19.469 -19.511 -19.582 -19.623 -19.657 -19.684 -19.724 -19.743 -19.758 -19.766 -19.766 -19.751 -19.722 -19.665 -19.567 -19.564 -19.579 -19.588 -19.594 -19.58 -19.552 -19.548 -19.503 -19.501 -19.466 -19.424 -19.428 -19.417 -19.445 -19.442 -19.374 -19.326 -19.224 -19.054 -19.027 -19.066 -19.115 -19.199 -19.282 -19.305 -19.353 -19.419 -19.481 -19.525 -19.574 -19.626 -19.644 -19.702 -19.729 -19.789
-19.902 -19.886 -19.868 -19.879 -19.904 -19.936 -19.962 -19.993 -19.992 -20.017 -19.99 -19.961 -19.82 -19.765 -19.712 -19.652 -19.556 -19.458 -19.46 -19.521 -19.562 -19.621 -19.644 -19.686 -19.699 -19.726 -19.736 -19.732 -19.738 -19.716 -19.668 -19.589 -19.569 -19.56 -19.577 -19.575 -19.562 -19.528 -19.531 -19.488 -19.465 -19.46 -19.444 -19.469 -19.445 -19.484 -19.474 -19.413 -19.405 -19.364 -19.237 -19.086 -19.041 -19.061 -19.152 -19.216 -19.266 -19.32 -19.362 -19.424 -19.481 -19.534 -19.589 -19.63 -19.675 -19.705 -19.742
-19.912 -19.915 -19.886 -19.861 -19.865 -19.886 -19.932 -19.962 -19.961 -19.98 -19.984 -19.908 -19.837 -19.802 -19.756 -19.673 -19.608 -19.529 -19.461 -19.468 -19.486 -19.549 -19.611 -19.647 -19.679 -19.689 -19.7 -19.703 -19.684 -19.668 -19.636 -19.571 -19.513 -19.518 -19.53 -19.537 -19.541 -19.521 -19.523 -19.486 -19.458 -19.443 -19.457 -19.469 -19.459 -19.496 -19.506 -19.485 -19.467 -19.404 -19.336 -19.238 -19.044 -19.013 -19.074 -19.131 -19.189 -19.247 -19.347 -19.382 -19.437 -19.492 -19.537 -19.594 -19.636 -19.691 -19.729
